1,0000  -0,9914  0,9658  -0,9236  1,0000  -0,1724  -0,9405  0,4968  1,0000  -0,9979  0,9916  -0,9812  1,0000  -0,8989  0,6162  -0,2089  1,0000  -0,9424  0,7762  -0,5207  1,0000  -1,0000  1,0000  -1,0000  1,0000  -0,1884  -0,9290  0,5384  
1,0000  -0,8012  0,2837  0,3465  1,0000  -0,3973  -0,6842  0,9411  1,0000  -0,9925  0,9702  -0,9334  1,0000  -0,6595  -0,1301  0,8311  1,0000  -0,7743  0,1990  0,4661  1,0000  -0,9391  0,7637  -0,4952  1,0000  -0,5865  -0,3120  0,9525  
1,0000  -0,6140  -0,2460  0,9161  1,0000  -0,6245  -0,2199  0,8992  1,0000  -0,9903  0,9613  -0,9135  1,0000  -0,4237  -0,6409  0,9669  1,0000  -0,6700  -0,1022  0,8070  1,0000  -0,9169  0,6814  -0,3327  1,0000  -0,6580  -0,1341  0,8345  
1,0000  -0,4268  -0,6357  0,9694  1,0000  -0,8508  0,4476  0,0892  1,0000  -0,9871  0,9489  -0,8863  1,0000  -0,1864  -0,9305  0,5332  1,0000  -0,5735  -0,3423  0,9660  1,0000  -0,8609  0,4824  0,0302  1,0000  -0,7376  0,0882  0,6075  
1,0000  -0,2381  -0,8866  0,6603  1,0000  -0,9639  0,8581  -0,6904  1,0000  -0,8218  0,3507  0,2454  1,0000  0,0497  -0,9951  -0,1487  1,0000  -0,4832  -0,5331  0,9983  1,0000  -0,8227  0,3537  0,2407  1,0000  -0,7570  0,1462  0,5357  
1,0000  -0,0525  -0,9945  0,1568  1,0000  -1,0000  1,0000  -1,0000  1,0000  -0,6054  -0,2671  0,9287  1,0000  0,2872  -0,8350  -0,7669  1,0000  -0,4131  -0,6586  0,9574  1,0000  -0,7773  0,2083  0,4534  1,0000  -0,8009  0,2829  0,3477  
1,0000  0,1402  -0,9607  -0,4097  1,0000  -0,8042  0,2934  0,3323  1,0000  -0,3870  -0,7005  0,9291  1,0000  0,5337  -0,4303  -0,9930  1,0000  -0,2933  -0,8280  0,7789  1,0000  -0,6011  -0,2773  0,9345  1,0000  -0,8979  0,6125  -0,2020  
1,0000  0,3371  -0,7727  -0,8581  1,0000  -0,6103  -0,2552  0,9217  1,0000  -0,1668  -0,9443  0,4819  1,0000  0,2518  -0,8731  -0,6916  1,0000  -0,1828  -0,9332  0,5238  1,0000  -0,4958  -0,5083  0,9999  1,0000  -0,9418  0,7740  -0,5161  
1,0000  0,5336  -0,4305  -0,9931  1,0000  -0,4125  -0,6596  0,9568  1,0000  0,0539  -0,9942  -0,1611  1,0000  -0,0255  -0,9987  0,0764  1,0000  -0,0084  -0,9999  0,0252  1,0000  -0,3463  -0,7602  0,8727  1,0000  -0,9602  0,8439  -0,6604  
1,0000  0,6901  -0,0476  -0,7557  1,0000  -0,2224  -0,9010  0,6233  1,0000  0,2736  -0,8503  -0,7388  1,0000  -0,3027  -0,8167  0,7973  1,0000  0,2562  -0,8687  -0,7014  1,0000  -0,2576  -0,8673  0,7045  1,0000  -1,0000  1,0000  -1,0000  
1,0000  0,8926  0,5935  0,1669  1,0000  -0,0304  -0,9981  0,0911  1,0000  0,1152  -0,9735  -0,3395  1,0000  -0,6295  -0,2075  0,8907  1,0000  0,4648  -0,5679  -0,9927  1,0000  -0,1302  -0,9661  0,3818  1,0000  -0,9592  0,8400  -0,6522  
1,0000  0,6502  -0,1545  -0,8511  1,0000  0,1606  -0,9484  -0,4654  1,0000  -0,0432  -0,9963  0,1293  1,0000  -0,8632  0,4903  0,0168  1,0000  0,5800  -0,3272  -0,9595  1,0000  -0,0305  -0,9981  0,0913  1,0000  -0,8356  0,3966  0,1729  
1,0000  0,4139  -0,6573  -0,9581  1,0000  0,3517  -0,7526  -0,8811  1,0000  -0,2021  -0,9183  0,5732  1,0000  -0,9561  0,8284  -0,6281  1,0000  0,8011  0,2834  -0,3470  1,0000  0,1247  -0,9689  -0,3662  1,0000  -0,7876  0,2408  0,4084  
1,0000  0,1617  -0,9477  -0,4682  1,0000  0,5437  -0,4087  -0,9882  1,0000  -0,4064  -0,6697  0,9507  1,0000  -0,7187  0,0330  0,6712  1,0000  1,0000  1,0000  1,0000  1,0000  0,3684  -0,7285  -0,9052  1,0000  -0,5447  -0,4067  0,9877  
1,0000  -0,0795  -0,9874  0,2364  1,0000  0,3158  -0,8006  -0,8214  1,0000  -0,5215  -0,4561  0,9972  1,0000  -0,4364  -0,6191  0,9768  1,0000  0,5209  -0,4574  -0,9974  1,0000  0,6011  -0,2773  -0,9345  1,0000  -0,3864  -0,7014  0,9285  
1,0000  -0,4468  -0,6008  0,9836  1,0000  -0,1401  -0,9607  0,4093  1,0000  -0,7358  0,0827  0,6141  1,0000  -0,1539  -0,9526  0,4472  1,0000  0,3107  -0,8069  -0,8121  1,0000  0,7452  0,1105  -0,5805  1,0000  -0,1730  -0,9401  0,4984  
1,0000  -0,8147  0,3276  0,2810  1,0000  -0,3675  -0,7299  0,9040  1,0000  -1,0000  1,0000  -1,0000  1,0000  0,1286  -0,9669  -0,3772  1,0000  0,0990  -0,9804  -0,2931  1,0000  0,5346  -0,4283  -0,9926  1,0000  0,2476  -0,8774  -0,6820  
1,0000  -0,9372  0,7568  -0,4813  1,0000  -0,8226  0,3534  0,2412  1,0000  -0,7353  0,0814  0,6156  1,0000  0,4117  -0,6610  -0,9560  1,0000  -0,1252  -0,9687  0,3676  1,0000  0,2853  -0,8372  -0,7630  1,0000  0,4405  -0,6119  -0,9796  
1,0000  -0,9985  0,9939  -0,9862  1,0000  -0,6692  -0,1043  0,8088  1,0000  -0,4664  -0,5650  0,9934  1,0000  0,6962  -0,0307  -0,7389  1,0000  -0,3418  -0,7663  0,8657  1,0000  0,0028  -1,0000  -0,0083  1,0000  0,6702  -0,1016  -0,8064  
1,0000  -0,8748  0,5306  -0,0535  1,0000  -0,3641  -0,7349  0,8992  1,0000  -0,1429  -0,9592  0,4170  1,0000  0,9323  0,7384  0,4446  1,0000  -0,5626  -0,3670  0,9755  1,0000  0,0360  -0,9974  -0,1078  1,0000  1,0000  1,0000  1,0000  
1,0000  -0,5152  -0,4692  0,9986  1,0000  -0,2112  -0,9108  0,5960  1,0000  0,1797  -0,9354  -0,5160  1,0000  0,5582  -0,3769  -0,9789  1,0000  -0,7790  0,2135  0,4463  1,0000  0,1080  -0,9767  -0,3191  1,0000  0,5304  -0,4374  -0,9944  
1,0000  -0,3348  -0,7759  0,8542  1,0000  -0,0599  -0,9928  0,1788  1,0000  0,4571  -0,5821  -0,9893  1,0000  0,2273  -0,8967  -0,6348  1,0000  -0,8257  0,3634  0,2256  1,0000  0,2499  -0,8751  -0,6872  1,0000  0,3476  -0,7583  -0,8748  
1,0000  -0,1875  -0,9297  0,5361  1,0000  0,0913  -0,9833  -0,2707  1,0000  0,7874  0,2401  -0,4093  1,0000  -0,1499  -0,9550  0,4363  1,0000  -0,8677  0,5057  -0,0100  1,0000  0,3463  -0,7602  -0,8727  1,0000  -0,1394  -0,9612  0,4072  
1,0000  -0,0003  -1,0000  0,0009  1,0000  0,2414  -0,8834  -0,6680  1,0000  1,0000  1,0000  1,0000  1,0000  -0,4806  -0,5380  0,9978  1,0000  -0,9191  0,6893  -0,3480  1,0000  0,5346  -0,4283  -0,9926  1,0000  -0,3272  -0,7859  0,8415  
1,0000  0,1991  -0,9207  -0,5658  1,0000  0,3926  -0,6918  -0,9357  1,0000  0,7873  0,2396  -0,4100  1,0000  -0,7645  0,1690  0,5062  1,0000  -0,9517  0,8116  -0,5932  1,0000  0,6931  -0,0393  -0,7475  1,0000  -0,5202  -0,4589  0,9975  
1,0000  0,3756  -0,7179  -0,9148  1,0000  0,5443  -0,4075  -0,9879  1,0000  0,4688  -0,5605  -0,9943  1,0000  -1,0000  1,0000  -1,0000  1,0000  -0,9813  0,9260  -0,8360  1,0000  1,0000  1,0000  1,0000  1,0000  -0,3813  -0,7092  0,9222  
1,0000  0,5612  -0,3701  -0,9766  1,0000  0,7721  0,1921  -0,4754  1,0000  0,2013  -0,9190  -0,5713  1,0000  -0,8125  0,3202  0,2922  1,0000  -1,0000  1,0000  -1,0000  1,0000  0,8670  0,5035  0,0061  1,0000  -0,0434  -0,9962  0,1298  
1,0000  0,7484  0,1202  -0,5685  1,0000  1,0000  1,0000  1,0000  1,0000  -0,0645  -0,9917  0,1924  1,0000  -0,6247  -0,2196  0,8990  1,0000  -0,9471  0,7939  -0,5567  1,0000  0,3961  -0,6862  -0,9397  1,0000  0,0822  -0,9865  -0,2443  
1,0000  1,0000  1,0000  1,0000  1,0000  0,8070  0,3026  -0,3186  1,0000  -0,3287  -0,7839  0,8440  1,0000  -0,3932  -0,6908  0,9364  1,0000  -0,8459  0,4311  0,1166  1,0000  0,2576  -0,8673  -0,7045  1,0000  0,3068  -0,8118  -0,8049  
1,0000  0,6993  -0,0220  -0,7300  1,0000  0,6160  -0,2412  -0,9131  1,0000  -0,5915  -0,3002  0,9467  1,0000  -0,1593  -0,9492  0,4618  1,0000  -0,7914  0,2527  0,3915  1,0000  0,0726  -0,9895  -0,2162  1,0000  -0,1884  -0,9290  0,5384  
1,0000  0,3986  -0,6823  -0,9425  1,0000  0,4243  -0,6399  -0,9674  1,0000  -0,8556  0,4640  0,0616  1,0000  0,1202  -0,9711  -0,3536  1,0000  -0,7432  0,1045  0,5878  1,0000  -0,0748  -0,9888  0,2227  1,0000  -0,5916  -0,3000  0,9465  
1,0000  0,0948  -0,9820  -0,2810  1,0000  0,2302  -0,8941  -0,6417  1,0000  -0,9603  0,8442  -0,6611  1,0000  0,3979  -0,6834  -0,9417  1,0000  -0,7073  0,0007  0,7064  1,0000  -0,3163  -0,7999  0,8224  1,0000  -0,7744  0,1993  0,4657  
1,0000  -0,2090  -0,9127  0,5904  1,0000  0,0359  -0,9974  -0,1076  1,0000  -0,9039  0,6341  -0,2424  1,0000  0,6747  -0,0895  -0,7955  1,0000  -0,3895  -0,6966  0,9321  1,0000  -0,4061  -0,6702  0,9504  1,0000  -0,8775  0,5400  -0,0702  
1,0000  -0,5127  -0,4742  0,9990  1,0000  -0,1580  -0,9501  0,4583  1,0000  -0,7398  0,0946  0,5999  1,0000  1,0000  1,0000  1,0000  1,0000  -0,0053  -0,9999  0,0159  1,0000  -0,5069  -0,4861  0,9997  1,0000  -0,7979  0,2731  0,3620  
1,0000  -0,8161  0,3320  0,2743  1,0000  -0,3538  -0,7496  0,8843  1,0000  -0,5751  -0,3386  0,9645  1,0000  0,6165  -0,2400  -0,9123  1,0000  0,2369  -0,8877  -0,6576  1,0000  -0,6266  -0,2148  0,8957  1,0000  -0,5487  -0,3977  0,9853  
1,0000  -1,0000  1,0000  -1,0000  1,0000  -0,5459  -0,4039  0,9870  1,0000  -0,3601  -0,7406  0,8936  1,0000  0,2381  -0,8866  -0,6602  1,0000  0,3979  -0,6834  -0,9417  1,0000  -0,7030  -0,0114  0,7191  1,0000  -0,3262  -0,7872  0,8397  
1,0000  -0,6922  -0,0416  0,7499  1,0000  -0,7367  0,0854  0,6108  1,0000  -0,0905  -0,9836  0,2685  1,0000  -0,1864  -0,9305  0,5332  1,0000  0,6843  -0,0634  -0,7711  1,0000  -0,7396  0,0941  0,6005  1,0000  -0,0699  -0,9902  0,2084  
1,0000  -0,3238  -0,7903  0,8356  1,0000  -0,9287  0,7250  -0,4179  1,0000  0,1786  -0,9362  -0,5130  1,0000  -0,6588  -0,1321  0,8328  1,0000  0,8929  0,5945  0,1688  1,0000  -0,7922  0,2553  0,3877  1,0000  0,1884  -0,9290  -0,5384  
1,0000  -0,0120  -0,9997  0,0359  1,0000  -0,9675  0,8721  -0,7200  1,0000  0,4477  -0,5991  -0,9842  1,0000  -0,9424  0,7761  -0,5204  1,0000  0,9770  0,9089  0,7990  1,0000  -0,8532  0,4559  0,0753  1,0000  0,3241  -0,7899  -0,8362  
1,0000  0,4130  -0,6588  -0,9572  1,0000  -0,8951  0,6023  -0,1830  1,0000  0,1252  -0,9687  -0,3676  1,0000  -0,9944  0,9775  -0,9496  1,0000  0,4508  -0,5935  -0,9860  1,0000  -0,8604  0,4805  0,0335  1,0000  0,5528  -0,3888  -0,9827  
1,0000  0,1071  -0,9771  -0,3164  1,0000  -0,5110  -0,4777  0,9993  1,0000  -0,1967  -0,9226  0,5596  1,0000  -0,8942  0,5993  -0,1777  1,0000  -0,1236  -0,9694  0,3632  1,0000  -0,9047  0,6370  -0,2479  1,0000  0,2966  -0,8241  -0,7854  
1,0000  -0,2568  -0,8681  0,7027  1,0000  -0,3207  -0,7943  0,8302  1,0000  -0,8395  0,4097  0,1517  1,0000  -0,6592  -0,1308  0,8317  1,0000  -0,4630  -0,5714  0,9920  1,0000  -0,9258  0,7141  -0,3964  1,0000  0,0403  -0,9967  -0,1207  
1,0000  -0,5618  -0,3687  0,9761  1,0000  -0,5484  -0,3986  0,9855  1,0000  -0,5193  -0,4606  0,9977  1,0000  -0,3770  -0,7158  0,9166  1,0000  -0,7827  0,2252  0,4302  1,0000  -0,9357  0,7512  -0,4701  1,0000  0,2792  -0,8441  -0,7506  
1,0000  -0,8144  0,3264  0,2828  1,0000  -0,7764  0,2056  0,4572  1,0000  -0,0899  -0,9838  0,2669  1,0000  -0,0475  -0,9955  0,1420  1,0000  -0,8720  0,5209  -0,0365  1,0000  -0,9579  0,8351  -0,6420  1,0000  0,4467  -0,6010  -0,9835  
1,0000  -0,9991  0,9963  -0,9917  1,0000  -0,9283  0,7236  -0,4151  1,0000  0,3397  -0,7692  -0,8623  1,0000  0,2818  -0,8412  -0,7559  1,0000  -0,9455  0,7880  -0,5446  1,0000  -0,9734  0,8950  -0,7691  1,0000  0,6345  -0,1948  -0,8817  
