1,0000  0,6400  0,0000  0,8007  
1,0000  0,5371  0,0000  0,8544  
1,0000  0,4989  0,0000  0,9041  
1,0000  0,6853  0,0000  0,9042  
1,0000  0,5808  0,0000  0,9139  
1,0000  0,5419  0,0000  0,8601  
1,0000  0,3604  0,0000  0,8516  
1,0000  0,1883  0,0000  0,8962  
1,0000  0,1802  0,0000  0,9529  
1,0000  0,2717  0,0000  0,8472  
1,0000  0,4280  0,0000  0,8085  
1,0000  0,4601  0,0000  0,7500  
1,0000  0,8929  0,0000  0,7256  
1,0000  0,6711  0,0000  0,7576  
1,0000  0,7285  0,0000  0,9086  
1,0000  0,7030  0,0000  0,9404  
1,0000  0,6816  0,0000  0,9157  
1,0000  0,6736  0,0000  0,8572  
1,0000  0,6359  0,0000  0,8187  
1,0000  0,3167  0,0000  0,7341  
1,0000  0,1803  0,0000  0,7909  
1,0000  0,3741  0,0000  0,8353  
1,0000  0,5084  0,0000  0,8266  
1,0000  0,5557  0,0000  0,7727  
1,0000  0,2806  0,0000  0,8590  
1,0000  0,1802  0,0000  0,8594  
1,0000  0,1802  0,0000  0,9093  
1,0000  0,4397  0,0000  0,9628  
1,0000  0,7024  0,0000  0,9707  
1,0000  0,7988  0,0000  0,8692  
1,0000  0,6404  0,0000  0,8127  
1,0000  0,6597  0,0000  0,7966  
1,0000  0,6867  0,0000  0,8357  
1,0000  0,6969  0,0000  0,8940  
1,0000  0,4501  0,0000  0,8813  
1,0000  0,3436  0,0000  0,8488  
1,0000  0,1803  0,0000  0,7898  
1,0000  0,1802  0,0000  0,7584  
1,0000  0,0402  0,0000  0,6474  
1,0000  0,0000  0,0000  0,8221  
1,0000  0,0000  0,0000  0,8602  
1,0000  0,0000  0,0000  0,8429  
1,0000  0,0000  0,0000  0,7860  
1,0000  0,0000  0,0000  0,7419  
1,0000  0,0000  0,0000  0,6232  
1,0000  0,0000  0,0000  0,6773  
1,0000  0,0000  0,0000  0,7265  
1,0000  0,0000  0,0000  0,7256  
1,0000  0,0000  0,0000  0,6754  
1,0000  0,0000  0,0000  0,7482  
