0,6400  0,0000  0,8007  
0,5371  0,0000  0,8544  
0,4989  0,0000  0,9041  
0,6853  0,0000  0,9042  
0,5808  0,0000  0,9139  
0,5419  0,0000  0,8601  
0,3604  0,0000  0,8516  
0,1883  0,0000  0,8962  
0,1802  0,0000  0,9529  
0,2717  0,0000  0,8472  
0,4280  0,0000  0,8085  
0,4601  0,0000  0,7500  
0,8929  0,0000  0,7256  
0,6711  0,0000  0,7576  
0,7285  0,0000  0,9086  
0,7030  0,0000  0,9404  
0,6816  0,0000  0,9157  
0,6736  0,0000  0,8572  
0,6359  0,0000  0,8187  
0,3167  0,0000  0,7341  
0,1803  0,0000  0,7909  
0,3741  0,0000  0,8353  
0,5084  0,0000  0,8266  
0,5557  0,0000  0,7727  
0,2806  0,0000  0,8590  
0,1802  0,0000  0,8594  
0,1802  0,0000  0,9093  
0,4397  0,0000  0,9628  
0,7024  0,0000  0,9707  
0,7988  0,0000  0,8692  
0,6404  0,0000  0,8127  
0,6597  0,0000  0,7966  
0,6867  0,0000  0,8357  
0,6969  0,0000  0,8940  
0,4501  0,0000  0,8813  
0,3436  0,0000  0,8488  
0,1803  0,0000  0,7898  
0,1802  0,0000  0,7584  
0,0402  0,0000  0,6474  
0,0000  0,0000  0,8221  
0,0000  0,0000  0,8602  
0,0000  0,0000  0,8429  
0,0000  0,0000  0,7860  
0,0000  0,0000  0,7419  
0,0000  0,0000  0,6232  
0,0000  0,0000  0,6773  
0,0000  0,0000  0,7265  
0,0000  0,0000  0,7256  
0,0000  0,0000  0,6754  
0,0000  0,0000  0,7482  
