0,5884  0,6400  0,0000  
0,5892  0,5371  0,0000  
0,5899  0,4989  0,0000  
0,5907  0,6853  0,0000  
0,5915  0,5808  0,0000  
0,5922  0,5419  0,0000  
0,5930  0,3604  0,0000  
0,5938  0,1883  0,0000  
0,5945  0,1802  0,0000  
0,5953  0,2717  0,0000  
0,5960  0,4280  0,0000  
0,5968  0,4601  0,0000  
0,5976  0,8929  0,0000  
0,5983  0,6711  0,0000  
0,5991  0,7285  0,0000  
0,5998  0,7030  0,0000  
0,6006  0,6816  0,0000  
0,6014  0,6736  0,0000  
0,6021  0,6359  0,0000  
0,6029  0,3167  0,0000  
0,6037  0,1803  0,0000  
0,6044  0,3741  0,0000  
0,6052  0,5084  0,0000  
0,6059  0,5557  0,0000  
0,6067  0,2806  0,0000  
0,6075  0,1802  0,0000  
0,6082  0,1802  0,0000  
0,6090  0,4397  0,0000  
0,6098  0,7024  0,0000  
0,6105  0,7988  0,0000  
0,6113  0,6404  0,0000  
0,6120  0,6597  0,0000  
0,6128  0,6867  0,0000  
0,6136  0,6969  0,0000  
0,6143  0,4501  0,0000  
0,6151  0,3436  0,0000  
0,6159  0,1803  0,0000  
0,6166  0,1802  0,0000  
0,6174  0,0402  0,0000  
0,6181  0,0000  0,0000  
0,6189  0,0000  0,0000  
0,6197  0,0000  0,0000  
0,6204  0,0000  0,0000  
0,6212  0,0000  0,0000  
0,6220  0,0000  0,0000  
0,6227  0,0000  0,0000  
0,6235  0,0000  0,0000  
0,6242  0,0000  0,0000  
0,6250  0,0000  0,0000  
0,6258  0,0000  0,0000  
