0,8933  0,3414  1,0000  
0,8815  0,3405  1,0000  
0,5616  0,3397  1,0000  
0,8697  0,3389  1,0000  
0,8673  0,3379  1,0000  
0,8795  0,3371  1,0000  
0,5486  0,3364  1,0000  
0,5369  0,3360  1,0000  
0,5240  0,3357  1,0000  
0,5115  0,3355  1,0000  
0,4988  0,3349  1,0000  
0,4863  0,3342  1,0000  
0,9099  0,3333  1,0000  
0,9031  0,3322  1,0000  
0,8694  0,3312  1,0000  
0,8619  0,3301  1,0000  
0,8670  0,3291  1,0000  
0,8800  0,3281  1,0000  
0,8889  0,3272  1,0000  
0,4733  0,3265  1,0000  
0,4602  0,3262  1,0000  
0,4458  0,3259  1,0000  
0,4304  0,3252  1,0000  
0,8988  0,3244  1,0000  
0,4144  0,3238  1,0000  
0,3974  0,3235  1,0000  
0,3794  0,3232  1,0000  
0,3595  0,3229  1,0000  
0,8549  0,3220  1,0000  
0,8773  0,3209  1,0000  
0,8901  0,3196  1,0000  
0,8941  0,3187  1,0000  
0,8857  0,3177  1,0000  
0,8685  0,3168  1,0000  
0,3468  0,3159  1,0000  
0,3267  0,3154  1,0000  
0,3070  0,3150  1,0000  
0,2876  0,3147  1,0000  
0,2679  0,3145  1,0000  
0,2470  0,3145  1,0000  
0,2236  0,3145  1,0000  
0,1989  0,3145  1,0000  
0,1743  0,3145  1,0000  
0,1502  0,3145  1,0000  
0,1291  0,3145  1,0000  
0,1068  0,3145  1,0000  
0,0821  0,3145  1,0000  
0,0557  0,3145  1,0000  
0,0292  0,3145  1,0000  
0,0000  0,3145  1,0000  
