0,0000  1,0000  0,8411  0,0000  0,0000  1,0000  1,0000  1,0000  
0,0008  1,0000  0,1802  0,0000  0,5666  0,8341  0,9997  1,0000  
0,0015  1,0000  0,1802  0,0000  0,5766  0,8341  0,9994  1,0000  
0,0023  1,0000  0,1802  0,0000  0,5330  0,8341  0,9991  1,0000  
0,0030  1,0000  0,1802  0,0000  0,4760  0,8341  0,9989  1,0000  
0,0038  1,0000  0,1802  0,0000  0,4578  0,8341  0,9986  1,0000  
0,0046  1,0000  0,1802  0,0000  0,5719  0,8341  0,9983  1,0000  
0,0053  1,0000  0,1802  0,0000  0,6305  0,8341  0,9981  1,0000  
0,0061  1,0000  0,1802  0,0000  0,6564  0,8340  0,9978  1,0000  
0,0069  1,0000  0,1802  0,0000  0,6257  0,8340  0,9975  1,0000  
0,0076  1,0000  0,3854  0,0000  0,5667  0,8340  0,9972  1,0000  
0,0084  1,0000  0,4829  0,0000  0,5012  0,8340  0,9965  1,0000  
0,0091  1,0000  0,5183  0,0000  0,5244  0,8340  0,9958  1,0000  
0,0099  1,0000  0,8666  0,0000  0,5827  0,9422  0,9948  1,0000  
0,0107  1,0000  0,6254  0,0000  0,6224  0,9330  0,9937  1,0000  
0,0114  1,0000  0,6711  0,0000  0,6070  0,9360  0,9927  1,0000  
0,0122  1,0000  0,5171  0,0000  0,6226  0,9324  0,9918  1,0000  
0,0130  1,0000  0,7197  0,0000  0,5771  0,9428  0,9909  1,0000  
0,0137  1,0000  0,6554  0,0000  0,5843  0,9416  0,9899  1,0000  
0,0145  1,0000  0,7488  0,0000  0,6375  0,9300  0,9889  1,0000  
0,0152  1,0000  0,8134  0,0000  0,6878  0,9185  0,9877  1,0000  
0,0160  1,0000  0,8374  0,0000  0,6047  0,9366  0,9865  1,0000  
0,0168  1,0000  0,4192  0,0000  0,5556  0,8344  0,9855  1,0000  
0,0175  1,0000  0,1803  0,0000  0,5015  0,8340  0,9851  1,0000  
0,0183  1,0000  0,1802  0,0000  0,4920  0,8340  0,9849  1,0000  
0,0191  1,0000  0,1802  0,0000  0,5359  0,8340  0,9846  1,0000  
0,0198  1,0000  0,1802  0,0000  0,5535  0,8339  0,9843  1,0000  
0,0206  1,0000  0,1802  0,0000  0,5711  0,8339  0,9841  1,0000  
0,0213  1,0000  0,6169  0,0000  0,5332  0,9522  0,9835  1,0000  
0,0221  1,0000  0,8554  0,0000  0,4746  0,9655  0,9824  1,0000  
0,0229  1,0000  0,9439  0,0000  0,4492  0,9716  0,9811  1,0000  
0,0236  1,0000  0,6128  0,0000  0,4952  0,9617  0,9799  1,0000  
0,0244  1,0000  0,3970  0,0000  0,5542  0,8339  0,9792  1,0000  
0,0252  1,0000  0,3169  0,0000  0,5869  0,8339  0,9787  1,0000  
0,0259  1,0000  0,5221  0,0000  0,5631  0,8339  0,9781  1,0000  
0,0267  1,0000  0,6582  0,0000  0,5048  0,9587  0,9772  1,0000  
0,0274  1,0000  0,7088  0,0000  0,5655  0,9455  0,9762  1,0000  
0,0282  1,0000  0,5465  0,0000  0,5813  0,9424  0,9752  1,0000  
0,0290  1,0000  0,4401  0,0000  0,6378  0,8339  0,9745  1,0000  
0,0297  1,0000  0,4006  0,0000  0,6829  0,8339  0,9739  1,0000  
0,0305  1,0000  0,4294  0,0000  0,6752  0,8338  0,9733  1,0000  
0,0313  1,0000  0,4511  0,0000  0,6307  0,8338  0,9726  1,0000  
0,0320  1,0000  0,4592  0,0000  0,5806  0,8338  0,9719  1,0000  
0,0328  1,0000  0,1887  0,0000  0,5800  0,8338  0,9714  1,0000  
0,0335  1,0000  0,1802  0,0000  0,6293  0,8338  0,9712  1,0000  
0,0343  1,0000  0,1802  0,0000  0,6833  0,8338  0,9709  1,0000  
0,0351  1,0000  0,1802  0,0000  0,6349  0,8338  0,9706  1,0000  
0,0358  1,0000  0,1802  0,0000  0,5907  0,8338  0,9704  1,0000  
0,0366  1,0000  0,1802  0,0000  0,5339  0,8337  0,9701  1,0000  
0,0373  1,0000  0,4602  0,0000  0,5167  0,8337  0,9697  1,0000  
0,0381  1,0000  0,7348  0,0000  0,5550  0,9483  0,9688  1,0000  
0,0389  1,0000  0,8360  0,0000  0,6744  0,9217  0,9676  1,0000  
0,0396  1,0000  0,6746  0,0000  0,6993  0,9157  0,9665  1,0000  
0,0404  1,0000  0,5639  0,0000  0,6677  0,9224  0,9656  1,0000  
0,0412  1,0000  0,5228  0,0000  0,6087  0,9355  0,9648  1,0000  
0,0419  1,0000  0,3622  0,0000  0,5764  0,8337  0,9641  1,0000  
0,0427  1,0000  0,2655  0,0000  0,5672  0,8337  0,9637  1,0000  
0,0434  1,0000  0,1802  0,0000  0,6256  0,8337  0,9634  1,0000  
0,0442  1,0000  0,1802  0,0000  0,6645  0,8337  0,9631  1,0000  
0,0450  1,0000  0,1802  0,0000  0,6481  0,8337  0,9629  1,0000  
0,0457  1,0000  0,1802  0,0000  0,8762  0,8337  0,9626  1,0000  
0,0465  1,0000  0,5356  0,0000  0,8015  0,8603  0,9621  1,0000  
0,0473  1,0000  0,7322  0,0000  0,8097  0,8913  0,9612  1,0000  
0,0480  1,0000  0,8051  0,0000  0,8633  0,8795  0,9600  1,0000  
0,0488  1,0000  0,6549  0,0000  0,9131  0,8682  0,9589  1,0000  
0,0495  1,0000  0,5538  0,0000  0,9132  0,8677  0,9581  1,0000  
0,0503  1,0000  0,5163  0,0000  0,8200  0,8883  0,9573  1,0000  
0,0511  1,0000  0,6124  0,0000  0,7663  0,9005  0,9564  1,0000  
0,0518  1,0000  0,6762  0,0000  0,7578  0,9028  0,9555  1,0000  
0,0526  1,0000  0,6998  0,0000  0,8024  0,8931  0,9545  1,0000  
0,0534  1,0000  0,6860  0,0000  0,8591  0,8804  0,9534  1,0000  
0,0541  1,0000  0,6751  0,0000  0,9523  0,8591  0,9524  1,0000  
0,0549  1,0000  0,6711  0,0000  0,9136  0,8674  0,9514  1,0000  
0,0556  1,0000  0,7389  0,0000  0,8552  0,8805  0,9504  1,0000  
0,0564  1,0000  0,7818  0,0000  0,8307  0,8864  0,9493  1,0000  
0,0572  1,0000  0,7977  0,0000  0,8627  0,8796  0,9481  1,0000  
0,0579  1,0000  0,7350  0,0000  0,8737  0,8772  0,9470  1,0000  
0,0587  1,0000  0,6941  0,0000  0,9055  0,8697  0,9459  1,0000  
0,0595  1,0000  0,6790  0,0000  0,8809  0,8748  0,9449  1,0000  
0,0602  1,0000  0,3373  0,0000  0,8224  0,8336  0,9441  1,0000  
0,0610  1,0000  0,1802  0,0000  0,7839  0,8336  0,9438  1,0000  
0,0617  1,0000  0,1802  0,0000  0,8171  0,8336  0,9435  1,0000  
0,0625  1,0000  0,3041  0,0000  0,8739  0,8336  0,9433  1,0000  
0,0633  1,0000  0,5448  0,0000  0,9183  0,8663  0,9426  1,0000  
0,0640  1,0000  0,6179  0,0000  0,9096  0,8685  0,9417  1,0000  
0,0648  1,0000  0,7895  0,0000  0,8557  0,8803  0,9407  1,0000  
0,0655  1,0000  0,8900  0,0000  0,7456  0,9051  0,9394  1,0000  
0,0663  1,0000  0,9272  0,0000  0,7460  0,9055  0,9381  1,0000  
0,0671  1,0000  0,8644  0,0000  0,7959  0,8946  0,9368  1,0000  
0,0678  1,0000  0,8216  0,0000  0,8494  0,8825  0,9355  1,0000  
0,0686  1,0000  0,8057  0,0000  0,8573  0,8803  0,9343  1,0000  
0,0694  1,0000  0,5030  0,0000  0,8367  0,8774  0,9333  1,0000  
0,0701  1,0000  0,3149  0,0000  0,7802  0,8335  0,9327  1,0000  
0,0709  1,0000  0,1813  0,0000  0,7640  0,8335  0,9324  1,0000  
0,0716  1,0000  0,8707  0,0000  0,8031  0,8929  0,9315  1,0000  
0,0724  1,0000  0,7912  0,0000  0,8615  0,8799  0,9304  1,0000  
0,0732  1,0000  0,8927  0,0000  0,9575  0,8580  0,9291  1,0000  
0,0739  1,0000  0,9197  0,0000  0,9251  0,8649  0,9278  1,0000  
0,0747  1,0000  0,9270  0,0000  0,8661  0,8781  0,9264  1,0000  
0,0755  1,0000  0,9297  0,0000  0,8347  0,8854  0,9251  1,0000  
0,0762  1,0000  0,7646  0,0000  0,8599  0,8802  0,9238  1,0000  
0,0770  1,0000  0,8243  0,0000  0,9066  0,8699  0,9226  1,0000  
0,0777  1,0000  0,8468  0,0000  0,9447  0,8610  0,9213  1,0000  
0,0785  1,0000  0,7302  0,0000  0,9273  0,8645  0,9202  1,0000  
0,0793  1,0000  0,6551  0,0000  0,8704  0,8770  0,9192  1,0000  
0,0800  1,0000  0,6272  0,0000  0,8263  0,8872  0,9182  1,0000  
0,0808  1,0000  0,6936  0,0000  0,7964  0,8943  0,9172  1,0000  
0,0816  1,0000  0,7378  0,0000  0,8505  0,8824  0,9162  1,0000  
0,0823  1,0000  0,7543  0,0000  0,8996  0,8712  0,9151  1,0000  
0,0831  1,0000  0,9097  0,0000  0,8987  0,8710  0,9139  1,0000  
0,0838  1,0000  0,8963  0,0000  0,8486  0,8819  0,9124  1,0000  
0,0846  1,0000  0,8836  0,0000  0,8367  0,8847  0,9112  1,0000  
0,0854  1,0000  0,8765  0,0000  0,8293  0,8868  0,9099  1,0000  
0,0861  1,0000  0,8692  0,0000  0,8746  0,8770  0,9086  1,0000  
0,0869  1,0000  0,8665  0,0000  0,9309  0,8643  0,9073  1,0000  
0,0877  1,0000  0,7914  0,0000  0,9465  0,8604  0,9060  1,0000  
0,0884  1,0000  0,7447  0,0000  0,9277  0,8643  0,9049  1,0000  
0,0892  1,0000  0,7273  0,0000  0,8695  0,8773  0,9038  1,0000  
0,0899  1,0000  0,5686  0,0000  0,8460  0,8830  0,9029  1,0000  
0,0907  1,0000  0,4708  0,0000  0,8788  0,8335  0,9021  1,0000  
0,0915  1,0000  0,5120  0,0000  0,9379  0,8335  0,9014  1,0000  
0,0922  1,0000  0,6248  0,0000  0,9954  0,8496  0,9005  1,0000  
0,0930  1,0000  0,6994  0,0000  0,9698  0,8549  0,8996  1,0000  
0,0938  1,0000  0,7271  0,0000  0,9111  0,8680  0,8985  1,0000  
0,0945  1,0000  0,7702  0,0000  0,8734  0,8767  0,8974  1,0000  
0,0953  1,0000  0,7946  0,0000  0,8913  0,8731  0,8962  1,0000  
0,0960  1,0000  0,8036  0,0000  0,8052  0,8925  0,8951  1,0000  
0,0968  1,0000  0,7008  0,0000  0,8489  0,8825  0,8939  1,0000  
0,0976  1,0000  0,6355  0,0000  0,8392  0,8842  0,8930  1,0000  
0,0983  1,0000  0,6113  0,0000  0,7849  0,8961  0,8920  1,0000  
0,0991  1,0000  0,6355  0,0000  0,7360  0,9073  0,8911  1,0000  
0,0998  1,0000  0,6530  0,0000  0,7572  0,9030  0,8902  1,0000  
0,1006  1,0000  0,6596  0,0000  0,8077  0,8920  0,8892  1,0000  
0,1014  1,0000  0,7752  0,0000  0,8607  0,8799  0,8881  1,0000  
0,1021  1,0000  0,8470  0,0000  0,8676  0,8780  0,8869  1,0000  
0,1029  1,0000  0,8736  0,0000  0,8220  0,8879  0,8857  1,0000  
0,1037  1,0000  0,9700  0,0000  0,8013  0,8926  0,8843  1,0000  
0,1044  1,0000  0,8725  0,0000  0,7862  0,8964  0,8829  1,0000  
0,1052  1,0000  0,8906  0,0000  0,8260  0,8878  0,8816  1,0000  
0,1059  1,0000  0,5043  0,0000  0,8842  0,8353  0,8806  1,0000  
0,1067  1,0000  0,5120  0,0000  0,9073  0,8692  0,8798  1,0000  
0,1075  1,0000  0,4041  0,0000  0,8675  0,8335  0,8789  1,0000  
0,1082  1,0000  0,6670  0,0000  0,8085  0,8909  0,8780  1,0000  
0,1090  1,0000  0,8652  0,0000  0,7780  0,8981  0,8769  1,0000  
0,1098  1,0000  0,9616  0,0000  0,8041  0,8927  0,8755  1,0000  
0,1105  1,0000  0,7883  0,0000  0,8628  0,8796  0,8743  1,0000  
0,1113  1,0000  0,9429  0,0000  0,8887  0,8735  0,8730  1,0000  
0,1120  1,0000  0,8662  0,0000  0,8704  0,8772  0,8716  1,0000  
0,1128  1,0000  0,8353  0,0000  0,8132  0,8898  0,8704  1,0000  
0,1136  1,0000  0,8113  0,0000  0,7698  0,8998  0,8692  1,0000  
0,1143  1,0000  0,8023  0,0000  0,7801  0,8979  0,8680  1,0000  
0,1151  1,0000  0,6900  0,0000  0,9037  0,8705  0,8669  1,0000  
0,1159  1,0000  0,6205  0,0000  0,9523  0,8594  0,8659  1,0000  
0,1166  1,0000  0,5947  0,0000  0,9504  0,8594  0,8650  1,0000  
0,1174  1,0000  0,6729  0,0000  0,8997  0,8705  0,8641  1,0000  
0,1181  1,0000  0,7242  0,0000  0,8468  0,8825  0,8630  1,0000  
0,1189  1,0000  0,7433  0,0000  0,7194  0,9114  0,8620  1,0000  
0,1197  1,0000  0,5724  0,0000  0,7653  0,9014  0,8610  1,0000  
0,1204  1,0000  0,4635  0,0000  0,8214  0,8335  0,8602  1,0000  
0,1212  1,0000  0,4985  0,0000  0,8360  0,8334  0,8595  1,0000  
0,1220  1,0000  0,4744  0,0000  0,7957  0,8334  0,8588  1,0000  
0,1227  1,0000  0,4639  0,0000  0,7691  0,8334  0,8581  1,0000  
0,1235  1,0000  0,4600  0,0000  0,7466  0,8334  0,8574  1,0000  
0,1242  1,0000  0,6602  0,0000  0,7803  0,8980  0,8566  1,0000  
0,1250  1,0000  0,7860  0,0000  0,8393  0,8848  0,8555  1,0000  
0,1258  1,0000  0,8327  0,0000  0,8694  0,8778  0,8543  1,0000  
0,1265  1,0000  0,9511  0,0000  0,8669  0,8779  0,8530  1,0000  
0,1273  1,0000  0,8674  0,0000  0,8082  0,8910  0,8516  1,0000  
0,1280  1,0000  0,8884  0,0000  0,7713  0,8995  0,8503  1,0000  
0,1288  1,0000  0,8657  0,0000  0,7901  0,8958  0,8490  1,0000  
0,1296  1,0000  0,8495  0,0000  0,8474  0,8831  0,8477  1,0000  
0,1303  1,0000  0,8434  0,0000  0,9405  0,8620  0,8465  1,0000  
0,1311  1,0000  0,6805  0,0000  0,9297  0,8640  0,8453  1,0000  
0,1319  1,0000  0,5790  0,0000  0,8750  0,8760  0,8444  1,0000  
0,1326  1,0000  0,5414  0,0000  0,8267  0,8870  0,8436  1,0000  
0,1334  1,0000  0,7056  0,0000  0,8292  0,8869  0,8427  1,0000  
0,1341  1,0000  0,8120  0,0000  0,8735  0,8773  0,8416  1,0000  
0,1349  1,0000  0,8515  0,0000  0,9261  0,8653  0,8403  1,0000  
0,1357  1,0000  0,7212  0,0000  0,9320  0,8636  0,8391  1,0000  
0,1364  1,0000  0,6358  0,0000  0,8857  0,8736  0,8382  1,0000  
0,1372  1,0000  0,6041  0,0000  0,8299  0,8862  0,8372  1,0000  
0,1380  1,0000  0,5089  0,0000  0,7100  0,8334  0,8364  1,0000  
0,1387  1,0000  0,5655  0,0000  0,7506  0,9047  0,8356  1,0000  
0,1395  1,0000  0,5057  0,0000  0,8086  0,8917  0,8349  1,0000  
0,1402  1,0000  0,5073  0,0000  0,8307  0,8334  0,8341  1,0000  
0,1410  1,0000  0,5140  0,0000  0,7965  0,8333  0,8334  1,0000  
0,1418  1,0000  0,5165  0,0000  0,7639  0,8333  0,8326  1,0000  
0,1425  1,0000  0,5033  0,0000  0,7344  0,8333  0,8318  1,0000  
0,1433  1,0000  0,4948  0,0000  0,7614  0,8333  0,8311  1,0000  
0,1441  1,0000  0,4916  0,0000  0,8202  0,8333  0,8304  1,0000  
0,1448  1,0000  0,5244  0,0000  0,8567  0,8333  0,8296  1,0000  
0,1456  1,0000  0,5452  0,0000  0,8656  0,8783  0,8288  1,0000  
0,1463  1,0000  0,5530  0,0000  0,8082  0,8910  0,8280  1,0000  
0,1471  1,0000  0,6206  0,0000  0,7655  0,9008  0,8272  1,0000  
0,1479  1,0000  0,6623  0,0000  0,7768  0,8987  0,8262  1,0000  
0,1486  1,0000  0,6777  0,0000  0,8316  0,8866  0,8252  1,0000  
0,1494  1,0000  0,5467  0,0000  0,8942  0,8724  0,8243  1,0000  
0,1502  1,0000  0,4632  0,0000  0,8912  0,8332  0,8236  1,0000  
0,1509  1,0000  0,7254  0,0000  0,8399  0,8838  0,8226  1,0000  
0,1517  1,0000  0,9060  0,0000  0,7876  0,8957  0,8214  1,0000  
0,1524  1,0000  0,6199  0,0000  0,7822  0,8974  0,8201  1,0000  
0,1532  1,0000  0,6362  0,0000  0,8313  0,8867  0,8192  1,0000  
0,1540  1,0000  0,7115  0,0000  0,8870  0,8741  0,8182  1,0000  
0,1547  1,0000  0,7562  0,0000  0,9006  0,8707  0,8171  1,0000  
0,1555  1,0000  0,7727  0,0000  0,8596  0,8795  0,8160  1,0000  
0,1563  1,0000  0,6962  0,0000  0,8017  0,8925  0,8149  1,0000  
0,1570  1,0000  0,6467  0,0000  0,7401  0,9066  0,8139  1,0000  
0,1578  1,0000  0,6283  0,0000  0,7747  0,8993  0,8130  1,0000  
0,1585  1,0000  0,6681  0,0000  0,8337  0,8861  0,8120  1,0000  
0,1593  1,0000  0,6947  0,0000  0,8628  0,8792  0,8110  1,0000  
0,1601  1,0000  0,7046  0,0000  0,8353  0,8850  0,8100  1,0000  
0,1608  1,0000  0,6447  0,0000  0,8834  0,8742  0,8090  1,0000  
0,1616  1,0000  0,6063  0,0000  0,8473  0,8826  0,8080  1,0000  
0,1623  1,0000  0,5920  0,0000  0,8672  0,8786  0,8072  1,0000  
0,1631  1,0000  0,7608  0,0000  0,9247  0,8658  0,8062  1,0000  
0,1639  1,0000  0,8679  0,0000  0,9670  0,8561  0,8050  1,0000  
0,1646  1,0000  0,9076  0,0000  0,8844  0,8741  0,8036  1,0000  
0,1654  1,0000  0,8303  0,0000  0,8293  0,8862  0,8023  1,0000  
0,1662  1,0000  0,7781  0,0000  0,7816  0,8971  0,8012  1,0000  
0,1669  1,0000  0,7587  0,0000  0,7851  0,8968  0,8000  1,0000  
0,1677  1,0000  0,5214  0,0000  0,8366  0,8855  0,7991  1,0000  
0,1684  1,0000  0,6287  0,0000  0,8709  0,8777  0,7982  1,0000  
0,1692  1,0000  0,5374  0,0000  0,8757  0,8761  0,7973  1,0000  
0,1700  1,0000  0,7646  0,0000  0,8288  0,8863  0,7964  1,0000  
0,1707  1,0000  0,9155  0,0000  0,7733  0,8989  0,7951  1,0000  
0,1715  1,0000  0,9716  0,0000  0,7602  0,9022  0,7937  1,0000  
0,1723  1,0000  0,7323  0,0000  0,8349  0,8859  0,7924  1,0000  
0,1730  1,0000  0,5771  0,0000  0,8927  0,8729  0,7915  1,0000  
0,1738  1,0000  0,5195  0,0000  0,9138  0,8678  0,7907  1,0000  
0,1745  1,0000  0,8983  0,0000  0,8788  0,8752  0,7897  1,0000  
0,1753  1,0000  0,6799  0,0000  0,8198  0,8884  0,7886  1,0000  
0,1761  1,0000  0,7336  0,0000  0,7350  0,9077  0,7875  1,0000  
0,1768  1,0000  0,7001  0,0000  0,7629  0,9019  0,7864  1,0000  
0,1776  1,0000  0,6740  0,0000  0,8218  0,8888  0,7854  1,0000  
0,1784  1,0000  0,6643  0,0000  0,8574  0,8805  0,7844  1,0000  
0,1791  1,0000  0,6813  0,0000  0,8371  0,8846  0,7835  1,0000  
0,1799  1,0000  0,6929  0,0000  0,8655  0,8781  0,7824  1,0000  
0,1806  1,0000  0,6972  0,0000  0,8236  0,8878  0,7814  1,0000  
0,1814  1,0000  0,7185  0,0000  0,8359  0,8855  0,7804  1,0000  
0,1822  1,0000  0,7314  0,0000  0,8912  0,8733  0,7793  1,0000  
0,1829  1,0000  0,7362  0,0000  0,9386  0,8625  0,7782  1,0000  
0,1837  1,0000  0,8118  0,0000  0,8680  0,8778  0,7771  1,0000  
0,1845  1,0000  0,8587  0,0000  0,8162  0,8891  0,7758  1,0000  
0,1852  1,0000  0,8761  0,0000  0,7643  0,9009  0,7746  1,0000  
0,1860  1,0000  0,7083  0,0000  0,7600  0,9023  0,7734  1,0000  
0,1867  1,0000  0,6015  0,0000  0,8072  0,8921  0,7724  1,0000  
0,1875  1,0000  0,5619  0,0000  0,9229  0,8661  0,7716  1,0000  
0,1883  1,0000  0,5627  0,0000  0,9355  0,8628  0,7707  1,0000  
0,1890  1,0000  0,5670  0,0000  0,8938  0,8718  0,7699  1,0000  
0,1898  1,0000  0,5685  0,0000  0,8361  0,8848  0,7691  1,0000  
0,1905  1,0000  0,6324  0,0000  0,8155  0,8898  0,7682  1,0000  
0,1913  1,0000  0,6723  0,0000  0,7612  0,9023  0,7672  1,0000  
0,1921  1,0000  0,6871  0,0000  0,8201  0,8891  0,7662  1,0000  
0,1928  1,0000  0,7230  0,0000  0,8483  0,8825  0,7652  1,0000  
0,1936  1,0000  0,7440  0,0000  0,8198  0,8884  0,7641  1,0000  
0,1944  1,0000  0,7518  0,0000  0,7609  0,9015  0,7630  1,0000  
0,1951  1,0000  0,5788  0,0000  0,7694  0,9000  0,7620  1,0000  
0,1959  1,0000  0,4697  0,0000  0,7903  0,8332  0,7612  1,0000  
0,1966  1,0000  0,7202  0,0000  0,8480  0,8829  0,7603  1,0000  
0,1974  1,0000  0,7750  0,0000  0,8896  0,8734  0,7592  1,0000  
0,1982  1,0000  0,8157  0,0000  0,8768  0,8758  0,7580  1,0000  
0,1989  1,0000  0,8309  0,0000  0,9095  0,8683  0,7568  1,0000  
0,1997  1,0000  0,9197  0,0000  0,8625  0,8791  0,7555  1,0000  
0,2005  1,0000  0,9738  0,0000  0,8670  0,8785  0,7541  1,0000  
0,2012  1,0000  0,9939  0,0000  0,9190  0,8671  0,7526  1,0000  
0,2020  1,0000  0,6455  0,0000  0,9707  0,8554  0,7514  1,0000  
0,2027  1,0000  0,7233  0,0000  0,9896  0,8507  0,7505  1,0000  
0,2035  1,0000  0,5945  0,0000  0,9421  0,8610  0,7495  1,0000  
0,2043  1,0000  0,8280  0,0000  0,8869  0,8735  0,7485  1,0000  
0,2050  1,0000  0,6782  0,0000  0,8748  0,8766  0,7473  1,0000  
0,2058  1,0000  0,7467  0,0000  0,9169  0,8675  0,7463  1,0000  
0,2066  1,0000  0,5883  0,0000  0,9576  0,8584  0,7453  1,0000  
0,2073  1,0000  0,4826  0,0000  0,9777  0,8332  0,7445  1,0000  
0,2081  1,0000  0,7413  0,0000  0,9419  0,8611  0,7437  1,0000  
0,2088  1,0000  0,6738  0,0000  0,8830  0,8743  0,7425  1,0000  
0,2096  1,0000  0,7215  0,0000  0,8553  0,8809  0,7414  1,0000  
0,2104  1,0000  0,7622  0,0000  0,7654  0,9013  0,7403  1,0000  
0,2111  1,0000  0,6141  0,0000  0,8243  0,8882  0,7393  1,0000  
0,2119  1,0000  0,5175  0,0000  0,8592  0,8801  0,7385  1,0000  
0,2127  1,0000  0,4816  0,0000  0,8378  0,8332  0,7378  1,0000  
0,2134  1,0000  0,5879  0,0000  0,7800  0,8972  0,7370  1,0000  
0,2142  1,0000  0,6578  0,0000  0,7255  0,9097  0,7360  1,0000  
0,2149  1,0000  0,6838  0,0000  0,7389  0,9072  0,7351  1,0000  
0,2157  1,0000  0,7089  0,0000  0,7945  0,8949  0,7340  1,0000  
0,2165  1,0000  0,7222  0,0000  0,8413  0,8842  0,7330  1,0000  
0,2172  1,0000  0,7271  0,0000  0,8362  0,8849  0,7319  1,0000  
0,2180  1,0000  0,6452  0,0000  0,7826  0,8966  0,7309  1,0000  
0,2188  1,0000  0,5934  0,0000  0,7312  0,9083  0,7300  1,0000  
0,2195  1,0000  0,5742  0,0000  0,7280  0,9095  0,7291  1,0000  
0,2203  1,0000  0,6292  0,0000  0,7758  0,8991  0,7282  1,0000  
0,2210  1,0000  0,6655  0,0000  0,8308  0,8867  0,7273  1,0000  
0,2218  1,0000  0,6789  0,0000  0,9395  0,8619  0,7263  1,0000  
0,2226  1,0000  0,6259  0,0000  0,8971  0,8711  0,7253  1,0000  
0,2233  1,0000  0,5914  0,0000  0,8396  0,8840  0,7244  1,0000  
0,2241  1,0000  0,5786  0,0000  0,8200  0,8888  0,7235  1,0000  
0,2248  1,0000  0,6312  0,0000  0,8563  0,8811  0,7227  1,0000  
0,2256  1,0000  0,6653  0,0000  0,8855  0,8745  0,7217  1,0000  
0,2264  1,0000  0,6780  0,0000  0,9128  0,8680  0,7207  1,0000  
0,2271  1,0000  0,5438  0,0000  0,8834  0,8742  0,7198  1,0000  
0,2279  1,0000  0,4586  0,0000  0,8245  0,8332  0,7191  1,0000  
0,2287  1,0000  0,7167  0,0000  0,7901  0,8954  0,7180  1,0000  
0,2294  1,0000  0,7488  0,0000  0,8193  0,8892  0,7170  1,0000  
0,2302  1,0000  0,7739  0,0000  0,8773  0,8764  0,7158  1,0000  
0,2309  1,0000  0,7833  0,0000  0,9181  0,8670  0,7147  1,0000  
0,2317  1,0000  0,6554  0,0000  0,9043  0,8696  0,7135  1,0000  
0,2325  1,0000  0,7615  0,0000  0,8485  0,8819  0,7124  1,0000  
0,2332  1,0000  0,8035  0,0000  0,7496  0,9043  0,7113  1,0000  
0,2340  1,0000  0,6487  0,0000  0,7552  0,9035  0,7102  1,0000  
0,2348  1,0000  0,5478  0,0000  0,8077  0,8920  0,7093  1,0000  
0,2355  1,0000  0,5104  0,0000  0,8588  0,8803  0,7085  1,0000  
0,2363  1,0000  0,5687  0,0000  0,8615  0,8793  0,7077  1,0000  
0,2370  1,0000  0,6087  0,0000  0,8040  0,8919  0,7069  1,0000  
0,2378  1,0000  0,6236  0,0000  0,7492  0,9043  0,7059  1,0000  
0,2386  1,0000  0,4757  0,0000  0,7382  0,8335  0,7051  1,0000  
0,2393  1,0000  0,6407  0,0000  0,7811  0,8979  0,7042  1,0000  
0,2401  1,0000  0,5822  0,0000  0,8384  0,8850  0,7033  1,0000  
0,2409  1,0000  0,7278  0,0000  0,9101  0,8686  0,7023  1,0000  
0,2416  1,0000  0,8246  0,0000  0,8735  0,8764  0,7012  1,0000  
0,2424  1,0000  0,8606  0,0000  0,8147  0,8896  0,6999  1,0000  
0,2431  1,0000  0,8217  0,0000  0,7879  0,8959  0,6987  1,0000  
0,2439  1,0000  0,7940  0,0000  0,8177  0,8897  0,6975  1,0000  
0,2447  1,0000  0,7837  0,0000  0,9333  0,8639  0,6963  1,0000  
0,2454  1,0000  0,8515  0,0000  0,9673  0,8559  0,6951  1,0000  
0,2462  1,0000  0,8950  0,0000  0,9450  0,8605  0,6938  1,0000  
0,2470  1,0000  0,9111  0,0000  0,8869  0,8734  0,6925  1,0000  
0,2477  1,0000  0,6516  0,0000  0,8465  0,8827  0,6913  1,0000  
0,2485  1,0000  0,7171  0,0000  0,8264  0,8876  0,6903  1,0000  
0,2492  1,0000  0,7418  0,0000  0,8823  0,8753  0,6892  1,0000  
0,2500  1,0000  0,7510  0,0000  0,9284  0,8647  0,6881  1,0000  
0,2508  1,0000  0,7544  0,0000  0,9223  0,8657  0,6870  1,0000  
0,2515  1,0000  0,7556  0,0000  0,8696  0,8772  0,6858  1,0000  
0,2523  1,0000  0,7723  0,0000  0,8139  0,8899  0,6847  1,0000  
0,2530  1,0000  0,7825  0,0000  0,8117  0,8908  0,6836  1,0000  
0,2538  1,0000  0,7864  0,0000  0,8602  0,8802  0,6824  1,0000  
0,2546  1,0000  0,7028  0,0000  0,9147  0,8679  0,6813  1,0000  
0,2553  1,0000  0,6501  0,0000  0,9253  0,8651  0,6803  1,0000  
0,2561  1,0000  0,6306  0,0000  0,9216  0,8656  0,6794  1,0000  
0,2569  1,0000  0,6520  0,0000  0,8644  0,8785  0,6784  1,0000  
0,2576  1,0000  0,6672  0,0000  0,8458  0,8831  0,6774  1,0000  
0,2584  1,0000  0,6729  0,0000  0,8829  0,8751  0,6764  1,0000  
0,2591  1,0000  0,5443  0,0000  0,9416  0,8620  0,6755  1,0000  
0,2599  1,0000  0,4632  0,0000  0,9742  0,8332  0,6748  1,0000  
0,2607  1,0000  0,7270  0,0000  0,9440  0,8607  0,6738  1,0000  
0,2614  1,0000  0,7937  0,0000  0,8850  0,8738  0,6727  1,0000  
0,2622  1,0000  0,8403  0,0000  0,8515  0,8817  0,6715  1,0000  
0,2630  1,0000  0,8576  0,0000  0,8742  0,8770  0,6702  1,0000  
0,2637  1,0000  0,6613  0,0000  0,8383  0,8851  0,6690  1,0000  
0,2645  1,0000  0,7514  0,0000  0,8783  0,8759  0,6680  1,0000  
0,2652  1,0000  0,7855  0,0000  0,8635  0,8787  0,6669  1,0000  
0,2660  1,0000  0,7669  0,0000  0,8073  0,8911  0,6657  1,0000  
0,2668  1,0000  0,7519  0,0000  0,7616  0,9016  0,6646  1,0000  
0,2675  1,0000  0,7464  0,0000  0,7904  0,8956  0,6635  1,0000  
0,2683  1,0000  0,7056  0,0000  0,8433  0,8840  0,6624  1,0000  
0,2691  1,0000  0,6807  0,0000  0,8939  0,8725  0,6614  1,0000  
0,2698  1,0000  0,6714  0,0000  0,8956  0,8717  0,6604  1,0000  
0,2706  1,0000  0,5263  0,0000  0,8469  0,8823  0,6595  1,0000  
0,2713  1,0000  0,7267  0,0000  0,7919  0,8947  0,6587  1,0000  
0,2721  1,0000  0,6762  0,0000  0,7819  0,8974  0,6576  1,0000  
0,2729  1,0000  0,8773  0,0000  0,8255  0,8880  0,6565  1,0000  
0,2736  1,0000  0,7026  0,0000  0,8826  0,8751  0,6551  1,0000  
0,2744  1,0000  0,6300  0,0000  0,9007  0,8707  0,6542  1,0000  
0,2752  1,0000  0,6871  0,0000  0,8469  0,8819  0,6534  1,0000  
0,2759  1,0000  0,5104  0,0000  0,7883  0,8955  0,6525  1,0000  
0,2767  1,0000  0,7447  0,0000  0,7624  0,9016  0,6516  1,0000  
0,2774  1,0000  0,5421  0,0000  0,7931  0,8952  0,6506  1,0000  
0,2782  1,0000  0,4275  0,0000  0,8521  0,8331  0,6499  1,0000  
0,2790  1,0000  0,3850  0,0000  0,8965  0,8331  0,6494  1,0000  
0,2797  1,0000  0,5039  0,0000  0,8733  0,8331  0,6487  1,0000  
0,2805  1,0000  0,5824  0,0000  0,8150  0,8894  0,6479  1,0000  
0,2813  1,0000  0,6116  0,0000  0,7753  0,8986  0,6470  1,0000  
0,2820  1,0000  0,6421  0,0000  0,7907  0,8956  0,6459  1,0000  
0,2828  1,0000  0,7743  0,0000  0,8401  0,8847  0,6449  1,0000  
0,2835  1,0000  0,8341  0,0000  0,8856  0,8743  0,6437  1,0000  
0,2843  1,0000  0,5189  0,0000  0,8784  0,8755  0,6426  1,0000  
0,2851  1,0000  0,5463  0,0000  0,8252  0,8871  0,6417  1,0000  
0,2858  1,0000  0,4159  0,0000  0,7749  0,8331  0,6410  1,0000  
0,2866  1,0000  0,1815  0,0000  0,7679  0,8330  0,6406  1,0000  
0,2873  1,0000  0,1802  0,0000  0,8169  0,8330  0,6403  1,0000  
0,2881  1,0000  0,1802  0,0000  0,8711  0,8330  0,6401  1,0000  
0,2889  1,0000  0,1802  0,0000  0,8806  0,8330  0,6398  1,0000  
0,2896  1,0000  0,1802  0,0000  0,8367  0,8330  0,6395  1,0000  
0,2904  1,0000  0,1802  0,0000  0,8561  0,8330  0,6393  1,0000  
0,2912  1,0000  0,1802  0,0000  0,8385  0,8329  0,6390  1,0000  
0,2919  1,0000  0,1802  0,0000  0,8764  0,8329  0,6387  1,0000  
0,2927  1,0000  0,1802  0,0000  0,9349  0,8329  0,6385  1,0000  
0,2934  1,0000  0,1802  0,0000  0,9603  0,8329  0,6382  1,0000  
0,2942  1,0000  0,1802  0,0000  0,8354  0,8329  0,6379  1,0000  
0,2950  1,0000  0,1802  0,0000  0,7764  0,8328  0,6377  1,0000  
0,2957  1,0000  0,1802  0,0000  0,7437  0,8328  0,6374  1,0000  
0,2965  1,0000  0,1802  0,0000  0,7674  0,8328  0,6371  1,0000  
0,2973  1,0000  0,1802  0,0000  0,8257  0,8328  0,6369  1,0000  
0,2980  1,0000  0,6883  0,0000  0,9819  0,8527  0,6363  1,0000  
0,2988  1,0000  0,6248  0,0000  0,9660  0,8558  0,6352  1,0000  
0,2995  1,0000  0,7024  0,0000  0,9096  0,8683  0,6342  1,0000  
0,3003  1,0000  0,6140  0,0000  0,8645  0,8786  0,6332  1,0000  
0,3011  1,0000  0,5508  0,0000  0,8722  0,8774  0,6324  1,0000  
0,3018  1,0000  0,5273  0,0000  0,8073  0,8920  0,6316  1,0000  
0,3026  1,0000  0,4854  0,0000  0,8573  0,8328  0,6308  1,0000  
0,3034  1,0000  0,4614  0,0000  0,8580  0,8328  0,6301  1,0000  
0,3041  1,0000  0,6314  0,0000  0,8087  0,8735  0,6294  1,0000  
0,3049  1,0000  0,7290  0,0000  0,7547  0,9030  0,6283  1,0000  
0,3056  1,0000  0,6967  0,0000  0,7697  0,9001  0,6273  1,0000  
0,3064  1,0000  0,6847  0,0000  0,8140  0,8905  0,6263  1,0000  
0,3072  1,0000  0,3404  0,0000  0,8708  0,8327  0,6255  1,0000  
0,3079  1,0000  0,1802  0,0000  0,8879  0,8327  0,6252  1,0000  
0,3087  1,0000  0,1802  0,0000  0,8496  0,8327  0,6249  1,0000  
0,3095  1,0000  0,6008  0,0000  0,8083  0,8894  0,6244  1,0000  
0,3102  1,0000  0,9561  0,0000  0,7833  0,8970  0,6233  1,0000  
0,3110  1,0000  0,6289  0,0000  0,8149  0,8903  0,6222  1,0000  
0,3117  1,0000  0,4720  0,0000  0,8740  0,8329  0,6214  1,0000  
0,3125  1,0000  0,6341  0,0000  0,9062  0,8696  0,6204  1,0000  
0,3133  1,0000  0,5663  0,0000  0,8349  0,8851  0,6195  1,0000  
0,3140  1,0000  0,3619  0,0000  0,7765  0,8327  0,6188  1,0000  
0,3148  1,0000  0,1824  0,0000  0,7376  0,8326  0,6184  1,0000  
0,3155  1,0000  0,1802  0,0000  0,7539  0,8326  0,6182  1,0000  
0,3163  1,0000  0,1802  0,0000  0,8105  0,8326  0,6179  1,0000  
0,3171  1,0000  0,1802  0,0000  0,8568  0,8326  0,6176  1,0000  
0,3178  1,0000  0,1802  0,0000  0,8486  0,8326  0,6174  1,0000  
0,3186  1,0000  0,1802  0,0000  0,7950  0,8326  0,6171  1,0000  
0,3194  1,0000  0,4506  0,0000  0,7452  0,8325  0,6166  1,0000  
0,3201  1,0000  0,5137  0,0000  0,7451  0,8325  0,6159  1,0000  
0,3209  1,0000  0,9224  0,0000  0,8476  0,8830  0,6148  1,0000  
0,3216  1,0000  0,6776  0,0000  0,9014  0,8709  0,6138  1,0000  
0,3224  1,0000  0,7312  0,0000  0,9099  0,8685  0,6128  1,0000  
0,3232  1,0000  0,5589  0,0000  0,8653  0,8782  0,6118  1,0000  
0,3239  1,0000  0,7328  0,0000  0,8086  0,8904  0,6110  1,0000  
0,3247  1,0000  0,6988  0,0000  0,8135  0,8903  0,6099  1,0000  
0,3255  1,0000  0,7649  0,0000  0,8522  0,8820  0,6089  1,0000  
0,3262  1,0000  0,8132  0,0000  0,9107  0,8689  0,6077  1,0000  
0,3270  1,0000  0,8311  0,0000  0,9351  0,8630  0,6065  1,0000  
0,3277  1,0000  0,6389  0,0000  0,9031  0,8698  0,6054  1,0000  
0,3285  1,0000  0,5168  0,0000  0,7756  0,8983  0,6045  1,0000  
0,3293  1,0000  0,4715  0,0000  0,7438  0,8325  0,6038  1,0000  
0,3300  1,0000  0,6893  0,0000  0,7685  0,9006  0,6030  1,0000  
0,3308  1,0000  0,8300  0,0000  0,8269  0,8876  0,6018  1,0000  
0,3316  1,0000  0,8822  0,0000  0,8654  0,8787  0,6006  1,0000  
0,3323  1,0000  0,4437  0,0000  0,8340  0,8335  0,5995  1,0000  
0,3331  1,0000  0,1804  0,0000  0,7773  0,8325  0,5991  1,0000  
0,3338  1,0000  0,1802  0,0000  0,7329  0,8325  0,5989  1,0000  
0,3346  1,0000  0,4654  0,0000  0,7416  0,8325  0,5985  1,0000  
0,3354  1,0000  0,7318  0,0000  0,7954  0,8947  0,5976  1,0000  
0,3361  1,0000  0,8301  0,0000  0,9411  0,8619  0,5964  1,0000  
0,3369  1,0000  0,7816  0,0000  0,9407  0,8616  0,5952  1,0000  
0,3377  1,0000  0,7419  0,0000  0,8908  0,8725  0,5941  1,0000  
0,3384  1,0000  0,7271  0,0000  0,8373  0,8846  0,5930  1,0000  
0,3392  1,0000  0,5846  0,0000  0,8294  0,8868  0,5920  1,0000  
0,3399  1,0000  0,4967  0,0000  0,8695  0,8332  0,5912  1,0000  
0,3407  1,0000  0,4641  0,0000  0,9260  0,8324  0,5905  1,0000  
0,3415  1,0000  0,5261  0,0000  0,9422  0,8324  0,5898  1,0000  
0,3422  1,0000  0,5680  0,0000  0,9031  0,8698  0,5890  1,0000  
0,3430  1,0000  0,5835  0,0000  0,8447  0,8829  0,5882  1,0000  
0,3438  1,0000  0,8577  0,0000  0,8235  0,8880  0,5871  1,0000  
0,3445  1,0000  0,6004  0,0000  0,8559  0,8811  0,5859  1,0000  
0,3453  1,0000  0,6307  0,0000  0,9150  0,8680  0,5850  1,0000  
0,3460  1,0000  0,4704  0,0000  0,9463  0,8325  0,5841  1,0000  
0,3468  1,0000  0,6340  0,0000  0,9211  0,8658  0,5831  1,0000  
0,3476  1,0000  0,5673  0,0000  0,7789  0,8975  0,5823  1,0000  
0,3483  1,0000  0,7081  0,0000  0,7408  0,9063  0,5813  1,0000  
0,3491  1,0000  0,8026  0,0000  0,7581  0,9029  0,5802  1,0000  
0,3498  1,0000  0,8377  0,0000  0,8150  0,8903  0,5790  1,0000  
0,3506  1,0000  0,4284  0,0000  0,8591  0,8327  0,5780  1,0000  
0,3514  1,0000  0,1804  0,0000  0,8904  0,8324  0,5776  1,0000  
0,3521  1,0000  0,1802  0,0000  0,8363  0,8324  0,5774  1,0000  
0,3529  1,0000  0,5150  0,0000  0,7872  0,8323  0,5770  1,0000  
0,3537  1,0000  0,8026  0,0000  0,7881  0,8961  0,5760  1,0000  
0,3544  1,0000  0,9090  0,0000  0,8382  0,8851  0,5747  1,0000  
0,3552  1,0000  0,6198  0,0000  0,8434  0,8838  0,5735  1,0000  
0,3559  1,0000  0,6716  0,0000  0,8508  0,8817  0,5725  1,0000  
0,3567  1,0000  0,6911  0,0000  0,8055  0,8915  0,5715  1,0000  
0,3575  1,0000  0,6967  0,0000  0,7492  0,9034  0,5706  1,0000  
0,3582  1,0000  0,4590  0,0000  0,7335  0,8324  0,5698  1,0000  
0,3590  1,0000  0,3530  0,0000  0,7905  0,8323  0,5692  1,0000  
0,3598  1,0000  0,1823  0,0000  0,8488  0,8323  0,5688  1,0000  
0,3605  1,0000  0,1802  0,0000  0,8723  0,8323  0,5685  1,0000  
0,3613  1,0000  0,1802  0,0000  0,8394  0,8323  0,5683  1,0000  
0,3620  1,0000  0,1802  0,0000  0,7804  0,8323  0,5680  1,0000  
0,3628  1,0000  0,1802  0,0000  0,7942  0,8322  0,5677  1,0000  
0,3636  1,0000  0,1802  0,0000  0,8198  0,8322  0,5675  1,0000  
0,3643  1,0000  0,4642  0,0000  0,8784  0,8322  0,5671  1,0000  
0,3651  1,0000  0,6647  0,0000  0,9161  0,8674  0,5662  1,0000  
0,3659  1,0000  0,7388  0,0000  0,8983  0,8710  0,5652  1,0000  
0,3666  1,0000  0,4864  0,0000  0,8103  0,8404  0,5642  1,0000  
0,3674  1,0000  0,3213  0,0000  0,7666  0,8322  0,5637  1,0000  
0,3681  1,0000  0,2366  0,0000  0,7763  0,8322  0,5632  1,0000  
0,3689  1,0000  0,3583  0,0000  0,8306  0,8322  0,5629  1,0000  
0,3697  1,0000  0,4367  0,0000  0,8795  0,8321  0,5623  1,0000  
0,3704  1,0000  0,4633  0,0000  0,9036  0,8321  0,5616  1,0000  
0,3712  1,0000  0,1904  0,0000  0,8532  0,8321  0,5611  1,0000  
0,3720  1,0000  0,1802  0,0000  0,8001  0,8321  0,5609  1,0000  
0,3727  1,0000  0,1802  0,0000  0,7932  0,8321  0,5606  1,0000  
0,3735  1,0000  0,4675  0,0000  0,8388  0,8320  0,5602  1,0000  
0,3742  1,0000  0,7486  0,0000  0,9476  0,8606  0,5593  1,0000  
0,3750  1,0000  0,8523  0,0000  0,9628  0,8568  0,5581  1,0000  
0,3758  1,0000  0,5449  0,0000  0,9229  0,8653  0,5570  1,0000  
0,3765  1,0000  0,3427  0,0000  0,8647  0,8320  0,5564  1,0000  
0,3773  1,0000  0,2675  0,0000  0,8417  0,8320  0,5560  1,0000  
0,3780  1,0000  0,5551  0,0000  0,7539  0,8982  0,5554  1,0000  
0,3788  1,0000  0,7424  0,0000  0,8130  0,8907  0,5544  1,0000  
0,3796  1,0000  0,8119  0,0000  0,8434  0,8836  0,5532  1,0000  
0,3803  1,0000  0,8157  0,0000  0,8173  0,8890  0,5520  1,0000  
0,3811  1,0000  0,8114  0,0000  0,7586  0,9020  0,5508  1,0000  
0,3819  1,0000  0,8098  0,0000  0,8062  0,8917  0,5496  1,0000  
0,3826  1,0000  0,6304  0,0000  0,8245  0,8881  0,5486  1,0000  
0,3834  1,0000  0,5182  0,0000  0,8817  0,8754  0,5477  1,0000  
0,3841  1,0000  0,4765  0,0000  0,9251  0,8320  0,5470  1,0000  
0,3849  1,0000  0,5513  0,0000  0,9148  0,8673  0,5462  1,0000  
0,3857  1,0000  0,6020  0,0000  0,8271  0,8867  0,5454  1,0000  
0,3864  1,0000  0,6209  0,0000  0,7785  0,8978  0,5445  1,0000  
0,3872  1,0000  0,5075  0,0000  0,7804  0,8978  0,5436  1,0000  
0,3880  1,0000  0,4348  0,0000  0,8311  0,8320  0,5429  1,0000  
0,3887  1,0000  0,4078  0,0000  0,8840  0,8319  0,5423  1,0000  
0,3895  1,0000  0,3890  0,0000  0,9106  0,8319  0,5417  1,0000  
0,3902  1,0000  0,3798  0,0000  0,8647  0,8319  0,5412  1,0000  
0,3910  1,0000  0,3764  0,0000  0,8087  0,8318  0,5406  1,0000  
0,3918  1,0000  0,6677  0,0000  0,7940  0,8946  0,5399  1,0000  
0,3925  1,0000  0,8504  0,0000  0,8343  0,8860  0,5387  1,0000  
0,3933  1,0000  0,9182  0,0000  0,9478  0,8606  0,5374  1,0000  
0,3941  1,0000  0,7297  0,0000  0,9703  0,8551  0,5362  1,0000  
0,3948  1,0000  0,6052  0,0000  0,9366  0,8623  0,5352  1,0000  
0,3956  1,0000  0,5590  0,0000  0,8776  0,8755  0,5343  1,0000  
0,3963  1,0000  0,3221  0,0000  0,8476  0,8317  0,5337  1,0000  
0,3971  1,0000  0,1802  0,0000  0,8775  0,8316  0,5334  1,0000  
0,3979  1,0000  0,1802  0,0000  0,9362  0,8314  0,5331  1,0000  
0,3986  1,0000  0,6191  0,0000  0,9731  0,8545  0,5326  1,0000  
0,3994  1,0000  0,9340  0,0000  0,9543  0,8584  0,5314  1,0000  
0,4002  1,0000  0,6075  0,0000  0,8970  0,8711  0,5303  1,0000  
0,4009  1,0000  0,5874  0,0000  0,8174  0,8892  0,5294  1,0000  
0,4017  1,0000  0,2891  0,0000  0,8281  0,8313  0,5288  1,0000  
0,4024  1,0000  0,1802  0,0000  0,8828  0,8311  0,5285  1,0000  
0,4032  1,0000  0,4186  0,0000  0,9311  0,8310  0,5282  1,0000  
0,4040  1,0000  0,5831  0,0000  0,9287  0,8643  0,5274  1,0000  
0,4047  1,0000  0,6435  0,0000  0,8649  0,8783  0,5265  1,0000  
0,4055  1,0000  0,4213  0,0000  0,8122  0,8309  0,5257  1,0000  
0,4063  1,0000  0,2764  0,0000  0,8064  0,8308  0,5252  1,0000  
0,4070  1,0000  0,1802  0,0000  0,8526  0,8306  0,5249  1,0000  
0,4078  1,0000  0,1802  0,0000  0,9085  0,8305  0,5246  1,0000  
0,4085  1,0000  0,3624  0,0000  0,8408  0,8303  0,5242  1,0000  
0,4093  1,0000  0,3839  0,0000  0,8001  0,8302  0,5237  1,0000  
0,4101  1,0000  0,5286  0,0000  0,7421  0,8301  0,5230  1,0000  
0,4108  1,0000  0,6171  0,0000  0,7201  0,9111  0,5222  1,0000  
0,4116  1,0000  0,6500  0,0000  0,7542  0,9038  0,5212  1,0000  
0,4123  1,0000  0,7879  0,0000  0,8173  0,8898  0,5202  1,0000  
0,4131  1,0000  0,8711  0,0000  0,8469  0,8828  0,5189  1,0000  
0,4139  1,0000  0,9020  0,0000  0,8198  0,8884  0,5176  1,0000  
0,4146  1,0000  0,6450  0,0000  0,7611  0,9015  0,5165  1,0000  
0,4154  1,0000  0,4812  0,0000  0,7246  0,8301  0,5157  1,0000  
0,4162  1,0000  0,4204  0,0000  0,8860  0,8299  0,5150  1,0000  
0,4169  1,0000  0,5287  0,0000  0,9434  0,8297  0,5143  1,0000  
0,4177  1,0000  0,6022  0,0000  0,9861  0,8518  0,5135  1,0000  
0,4184  1,0000  0,6296  0,0000  0,9748  0,8539  0,5125  1,0000  
0,4192  1,0000  0,5320  0,0000  0,9199  0,8660  0,5117  1,0000  
0,4200  1,0000  0,4684  0,0000  0,7642  0,8296  0,5109  1,0000  
0,4207  1,0000  0,4447  0,0000  0,7672  0,8294  0,5103  1,0000  
0,4215  1,0000  0,4819  0,0000  0,8185  0,8292  0,5096  1,0000  
0,4223  1,0000  0,5075  0,0000  0,8708  0,8290  0,5089  1,0000  
0,4230  1,0000  0,5170  0,0000  0,8762  0,8288  0,5081  1,0000  
0,4238  1,0000  0,2872  0,0000  0,8045  0,8286  0,5075  1,0000  
0,4245  1,0000  0,1802  0,0000  0,7488  0,8284  0,5072  1,0000  
0,4253  1,0000  0,1802  0,0000  0,7352  0,8282  0,5069  1,0000  
0,4261  1,0000  0,1802  0,0000  0,7762  0,8280  0,5067  1,0000  
0,4268  1,0000  0,3944  0,0000  0,8341  0,8277  0,5063  1,0000  
0,4276  1,0000  0,4393  0,0000  0,8502  0,8275  0,5056  1,0000  
0,4284  1,0000  0,7682  0,0000  0,8156  0,8893  0,5048  1,0000  
0,4291  1,0000  0,9699  0,0000  0,7566  0,9025  0,5035  1,0000  
0,4299  1,0000  0,6039  0,0000  0,7275  0,9094  0,5024  1,0000  
0,4306  1,0000  0,6214  0,0000  0,7550  0,9036  0,5015  1,0000  
0,4314  1,0000  0,3532  0,0000  0,9176  0,8272  0,5009  1,0000  
0,4322  1,0000  0,1911  0,0000  0,9537  0,8269  0,5004  1,0000  
0,4329  1,0000  0,1802  0,0000  0,9339  0,8265  0,5002  1,0000  
0,4337  1,0000  0,1802  0,0000  0,8763  0,8262  0,4999  1,0000  
0,4345  1,0000  0,1802  0,0000  0,8340  0,8259  0,4996  1,0000  
0,4352  1,0000  0,5754  0,0000  0,7701  0,8934  0,4992  1,0000  
0,4360  1,0000  0,9197  0,0000  0,8251  0,8881  0,4981  1,0000  
0,4367  1,0000  0,6057  0,0000  0,8728  0,8772  0,4969  1,0000  
0,4375  1,0000  0,5870  0,0000  0,8693  0,8775  0,4960  1,0000  
0,4383  1,0000  0,5685  0,0000  0,8178  0,8888  0,4952  1,0000  
0,4390  1,0000  0,5616  0,0000  0,7414  0,9061  0,4943  1,0000  
0,4398  1,0000  0,5167  0,0000  0,7365  0,9076  0,4935  1,0000  
0,4405  1,0000  0,4893  0,0000  0,7834  0,8254  0,4928  1,0000  
0,4413  1,0000  0,4791  0,0000  0,8390  0,8251  0,4921  1,0000  
0,4421  1,0000  0,4118  0,0000  0,8520  0,8250  0,4913  1,0000  
0,4428  1,0000  0,1803  0,0000  0,8258  0,8246  0,4909  1,0000  
0,4436  1,0000  0,1802  0,0000  0,7680  0,8242  0,4906  1,0000  
0,4444  1,0000  0,5790  0,0000  0,7469  0,8997  0,4902  1,0000  
0,4451  1,0000  0,9162  0,0000  0,7819  0,8977  0,4890  1,0000  
0,4459  1,0000  0,6024  0,0000  0,8408  0,8845  0,4879  1,0000  
0,4466  1,0000  0,6666  0,0000  0,9643  0,8565  0,4870  1,0000  
0,4474  1,0000  0,4290  0,0000  0,9363  0,8236  0,4862  1,0000  
0,4482  1,0000  0,3388  0,0000  0,8775  0,8232  0,4857  1,0000  
0,4489  1,0000  0,1804  0,0000  0,8418  0,8227  0,4853  1,0000  
0,4497  1,0000  0,1802  0,0000  0,8621  0,8223  0,4850  1,0000  
0,4505  1,0000  0,1802  0,0000  0,8497  0,8218  0,4848  1,0000  
0,4512  1,0000  0,1802  0,0000  0,8917  0,8213  0,4845  1,0000  
0,4520  1,0000  0,1802  0,0000  0,8794  0,8208  0,4842  1,0000  
0,4527  1,0000  0,1802  0,0000  0,8241  0,8202  0,4840  1,0000  
0,4535  1,0000  0,4453  0,0000  0,7767  0,8197  0,4836  1,0000  
0,4543  1,0000  0,5764  0,0000  0,8590  0,8803  0,4828  1,0000  
0,4550  1,0000  0,6250  0,0000  0,9107  0,8690  0,4819  1,0000  
0,4558  1,0000  0,7000  0,0000  0,9626  0,8572  0,4809  1,0000  
0,4566  1,0000  0,7423  0,0000  0,9669  0,8558  0,4799  1,0000  
0,4573  1,0000  0,7580  0,0000  0,9197  0,8660  0,4787  1,0000  
0,4581  1,0000  0,6795  0,0000  0,7920  0,8947  0,4777  1,0000  
0,4588  1,0000  0,6288  0,0000  0,7795  0,8979  0,4767  1,0000  
0,4596  1,0000  0,6100  0,0000  0,8212  0,8889  0,4758  1,0000  
0,4604  1,0000  0,5106  0,0000  0,8789  0,8760  0,4750  1,0000  
0,4611  1,0000  0,4501  0,0000  0,8995  0,8188  0,4743  1,0000  
0,4619  1,0000  0,4276  0,0000  0,8096  0,8182  0,4736  1,0000  
0,4627  1,0000  0,8181  0,0000  0,7507  0,9038  0,4727  1,0000  
0,4634  1,0000  0,6170  0,0000  0,7225  0,9105  0,4716  1,0000  
0,4642  1,0000  0,6683  0,0000  0,7509  0,9046  0,4706  1,0000  
0,4649  1,0000  0,6932  0,0000  0,8098  0,8913  0,4697  1,0000  
0,4657  1,0000  0,4350  0,0000  0,9659  0,8177  0,4689  1,0000  
0,4665  1,0000  0,3299  0,0000  0,9451  0,8169  0,4683  1,0000  
0,4672  1,0000  0,4365  0,0000  0,8873  0,8162  0,4678  1,0000  
0,4680  1,0000  0,5131  0,0000  0,8458  0,8155  0,4671  1,0000  
0,4688  1,0000  0,5417  0,0000  0,8586  0,8804  0,4663  1,0000  
0,4695  1,0000  0,3923  0,0000  0,8198  0,8147  0,4656  1,0000  
0,4703  1,0000  0,2960  0,0000  0,8669  0,8139  0,4651  1,0000  
0,4710  1,0000  0,2603  0,0000  0,8623  0,8131  0,4647  1,0000  
0,4718  1,0000  0,4670  0,0000  0,8103  0,8123  0,4642  1,0000  
0,4726  1,0000  0,5999  0,0000  0,7587  0,9022  0,4634  1,0000  
0,4733  1,0000  0,6492  0,0000  0,8188  0,8892  0,4624  1,0000  
0,4741  1,0000  0,3273  0,0000  0,8663  0,8116  0,4617  1,0000  
0,4748  1,0000  0,1802  0,0000  0,9215  0,8106  0,4614  1,0000  
0,4756  1,0000  0,1802  0,0000  0,9336  0,8096  0,4611  1,0000  
0,4764  1,0000  0,3949  0,0000  0,8914  0,8086  0,4608  1,0000  
0,4771  1,0000  0,6341  0,0000  0,7892  0,8953  0,4600  1,0000  
0,4779  1,0000  0,7201  0,0000  0,7691  0,9002  0,4590  1,0000  
0,4787  1,0000  0,4116  0,0000  0,8050  0,8079  0,4581  1,0000  
0,4794  1,0000  0,1808  0,0000  0,8638  0,8068  0,4577  1,0000  
0,4802  1,0000  0,1802  0,0000  0,8915  0,8057  0,4575  1,0000  
0,4809  1,0000  0,3683  0,0000  0,8532  0,8045  0,4572  1,0000  
0,4817  1,0000  0,5384  0,0000  0,7942  0,8889  0,4565  1,0000  
0,4825  1,0000  0,5976  0,0000  0,7594  0,9022  0,4556  1,0000  
0,4832  1,0000  0,3584  0,0000  0,7807  0,8029  0,4549  1,0000  
0,4840  1,0000  0,1804  0,0000  0,8386  0,8017  0,4545  1,0000  
0,4848  1,0000  0,1802  0,0000  0,9716  0,8003  0,4542  1,0000  
0,4855  1,0000  0,1802  0,0000  0,9583  0,7988  0,4540  1,0000  
0,4863  1,0000  0,1802  0,0000  0,9027  0,7972  0,4537  1,0000  
0,4870  1,0000  0,1802  0,0000  0,8559  0,7957  0,4534  1,0000  
0,4878  1,0000  0,1802  0,0000  0,8610  0,7941  0,4532  1,0000  
0,4886  1,0000  0,1802  0,0000  0,9286  0,7925  0,4529  1,0000  
0,4893  1,0000  0,1802  0,0000  0,9800  0,7906  0,4526  1,0000  
0,4901  1,0000  0,1802  0,0000  0,9832  0,7886  0,4524  1,0000  
0,4909  1,0000  0,1802  0,0000  0,9354  0,7866  0,4521  1,0000  
0,4916  1,0000  0,1802  0,0000  0,8804  0,7845  0,4518  1,0000  
0,4924  1,0000  0,4775  0,0000  0,8315  0,7826  0,4515  1,0000  
0,4931  1,0000  0,6831  0,0000  0,8740  0,8771  0,4506  1,0000  
0,4939  1,0000  0,7592  0,0000  0,9315  0,8642  0,4495  1,0000  
0,4947  1,0000  0,8640  0,0000  0,9511  0,8594  0,4483  1,0000  
0,4954  1,0000  0,9224  0,0000  0,9148  0,8672  0,4470  1,0000  
0,4962  1,0000  0,9440  0,0000  0,7756  0,8983  0,4456  1,0000  
0,4970  1,0000  0,7165  0,0000  0,7483  0,9048  0,4445  1,0000  
0,4977  1,0000  0,8222  0,0000  0,7776  0,8986  0,4433  1,0000  
0,4985  1,0000  0,8615  0,0000  0,8366  0,8855  0,4421  1,0000  
0,4992  1,0000  0,7336  0,0000  0,8710  0,8774  0,4409  1,0000  
0,5000  1,0000  0,6498  0,0000  0,8460  0,8826  0,4399  1,0000  
0,5008  1,0000  0,6187  0,0000  0,7880  0,8955  0,4390  1,0000  
0,5015  1,0000  0,5285  0,0000  0,7472  0,9049  0,4381  1,0000  
0,5023  1,0000  0,1816  0,0000  0,7610  0,7803  0,4376  1,0000  
0,5030  1,0000  0,1802  0,0000  0,8168  0,7783  0,4373  1,0000  
0,5038  1,0000  0,1802  0,0000  0,9339  0,7759  0,4371  1,0000  
0,5046  1,0000  0,1802  0,0000  0,9283  0,7734  0,4368  1,0000  
0,5053  1,0000  0,1802  0,0000  0,8758  0,7708  0,4365  1,0000  
0,5061  1,0000  0,3533  0,0000  0,8247  0,7683  0,4362  1,0000  
0,5069  1,0000  0,5214  0,0000  0,8220  0,7657  0,4356  1,0000  
0,5076  1,0000  0,5781  0,0000  0,7848  0,8971  0,4347  1,0000  
0,5084  1,0000  0,2925  0,0000  0,8396  0,7639  0,4341  1,0000  
0,5091  1,0000  0,1802  0,0000  0,8507  0,7611  0,4338  1,0000  
0,5099  1,0000  0,1802  0,0000  0,8078  0,7582  0,4335  1,0000  
0,5107  1,0000  0,1802  0,0000  0,7505  0,7554  0,4332  1,0000  
0,5114  1,0000  0,4277  0,0000  0,7932  0,7524  0,4328  1,0000  
0,5122  1,0000  0,4847  0,0000  0,8299  0,7493  0,4321  1,0000  
0,5130  1,0000  0,4291  0,0000  0,8887  0,7458  0,4314  1,0000  
0,5137  1,0000  0,3889  0,0000  0,9155  0,7421  0,4308  1,0000  
0,5145  1,0000  0,3739  0,0000  0,8857  0,7382  0,4303  1,0000  
0,5152  1,0000  0,6210  0,0000  0,8513  0,8813  0,4295  1,0000  
0,5160  1,0000  0,7772  0,0000  0,8173  0,8893  0,4285  1,0000  
0,5168  1,0000  0,8352  0,0000  0,8396  0,8847  0,4273  1,0000  
0,5175  1,0000  0,9183  0,0000  0,8977  0,8718  0,4260  1,0000  
0,5183  1,0000  0,9649  0,0000  0,9381  0,8625  0,4246  1,0000  
0,5191  1,0000  0,9821  0,0000  0,8675  0,8778  0,4232  1,0000  
0,5198  1,0000  0,6252  0,0000  0,8116  0,8902  0,4221  1,0000  
0,5206  1,0000  0,6602  0,0000  0,7655  0,9007  0,4212  1,0000  
0,5213  1,0000  0,6732  0,0000  0,7716  0,8998  0,4202  1,0000  
0,5221  1,0000  0,5043  0,0000  0,8243  0,8882  0,4193  1,0000  
0,5229  1,0000  0,6874  0,0000  0,8665  0,8786  0,4183  1,0000  
0,5236  1,0000  0,6188  0,0000  0,8687  0,8777  0,4174  1,0000  
0,5244  1,0000  0,5846  0,0000  0,8203  0,8882  0,4165  1,0000  
0,5252  1,0000  0,5697  0,0000  0,7657  0,9006  0,4156  1,0000  
0,5259  1,0000  0,5642  0,0000  0,7551  0,9034  0,4148  1,0000  
0,5267  1,0000  0,6705  0,0000  0,8654  0,8790  0,4137  1,0000  
0,5274  1,0000  0,7563  0,0000  0,9226  0,8662  0,4127  1,0000  
0,5282  1,0000  0,8179  0,0000  0,9413  0,8616  0,4115  1,0000  
0,5290  1,0000  0,9014  0,0000  0,9042  0,8695  0,4103  1,0000  
0,5297  1,0000  0,9479  0,0000  0,8455  0,8827  0,4089  1,0000  
0,5305  1,0000  0,9651  0,0000  0,7932  0,8947  0,4075  1,0000  
0,5313  1,0000  0,6215  0,0000  0,8234  0,8884  0,4063  1,0000  
0,5320  1,0000  0,6974  0,0000  0,8824  0,8752  0,4054  1,0000  
0,5328  1,0000  0,5609  0,0000  0,9160  0,8674  0,4045  1,0000  
0,5335  1,0000  0,6564  0,0000  0,8932  0,8721  0,4036  1,0000  
0,5343  1,0000  0,7295  0,0000  0,8581  0,8798  0,4026  1,0000  
0,5351  1,0000  0,7567  0,0000  0,8180  0,8891  0,4015  1,0000  
0,5358  1,0000  0,4612  0,0000  0,8329  0,7353  0,4005  1,0000  
0,5366  1,0000  0,2735  0,0000  0,8890  0,7290  0,4000  1,0000  
0,5373  1,0000  0,1802  0,0000  0,9348  0,7245  0,3997  1,0000  
0,5381  1,0000  0,4515  0,0000  0,9522  0,7196  0,3993  1,0000  
0,5389  1,0000  0,6140  0,0000  0,8993  0,8706  0,3985  1,0000  
0,5396  1,0000  0,6742  0,0000  0,8487  0,8821  0,3976  1,0000  
0,5404  1,0000  0,8946  0,0000  0,8470  0,8829  0,3964  1,0000  
0,5412  1,0000  0,5968  0,0000  0,8957  0,8723  0,3952  1,0000  
0,5419  1,0000  0,6220  0,0000  0,9745  0,8546  0,3943  1,0000  
0,5427  1,0000  0,7047  0,0000  0,9845  0,8517  0,3934  1,0000  
0,5434  1,0000  0,4973  0,0000  0,9409  0,7488  0,3926  1,0000  
0,5442  1,0000  0,4135  0,0000  0,8838  0,7117  0,3919  1,0000  
0,5450  1,0000  0,5804  0,0000  0,8657  0,8786  0,3912  1,0000  
0,5457  1,0000  0,6929  0,0000  0,8508  0,8823  0,3902  1,0000  
0,5465  1,0000  0,7347  0,0000  0,9094  0,8692  0,3892  1,0000  
0,5473  1,0000  0,7241  0,0000  0,9353  0,8630  0,3881  1,0000  
0,5480  1,0000  0,7134  0,0000  0,9046  0,8695  0,3870  1,0000  
0,5488  1,0000  0,7095  0,0000  0,8456  0,8826  0,3860  1,0000  
0,5495  1,0000  0,5280  0,0000  0,8540  0,8811  0,3850  1,0000  
0,5503  1,0000  0,4148  0,0000  0,8773  0,7037  0,3844  1,0000  
0,5511  1,0000  0,3728  0,0000  0,9355  0,6982  0,3838  1,0000  
0,5518  1,0000  0,3805  0,0000  0,9752  0,6921  0,3832  1,0000  
0,5526  1,0000  0,3893  0,0000  0,9598  0,6857  0,3827  1,0000  
0,5534  1,0000  0,3926  0,0000  0,8250  0,6796  0,3821  1,0000  
0,5541  1,0000  0,6607  0,0000  0,7795  0,8976  0,3811  1,0000  
0,5549  1,0000  0,8485  0,0000  0,7867  0,8964  0,3800  1,0000  
0,5556  1,0000  0,9373  0,0000  0,8399  0,8848  0,3787  1,0000  
0,5564  1,0000  0,5151  0,0000  0,8902  0,8733  0,3776  1,0000  
0,5572  1,0000  0,4192  0,0000  0,8309  0,6757  0,3768  1,0000  
0,5579  1,0000  0,1869  0,0000  0,7819  0,6695  0,3763  1,0000  
0,5587  1,0000  0,1802  0,0000  0,7277  0,6635  0,3760  1,0000  
0,5595  1,0000  0,3805  0,0000  0,7182  0,6576  0,3756  1,0000  
0,5602  1,0000  0,4039  0,0000  0,7621  0,6514  0,3750  1,0000  
0,5610  1,0000  0,1821  0,0000  0,9790  0,6435  0,3745  1,0000  
0,5617  1,0000  0,1802  0,0000  0,9966  0,6347  0,3743  1,0000  
0,5625  1,0000  0,1802  0,0000  0,9587  0,6256  0,3740  1,0000  
0,5633  1,0000  0,2383  0,0000  0,9001  0,6165  0,3737  1,0000  
0,5640  1,0000  0,5226  0,0000  0,8747  0,6074  0,3731  1,0000  
0,5648  1,0000  0,5944  0,0000  0,8335  0,8861  0,3723  1,0000  
0,5655  1,0000  0,7551  0,0000  0,8926  0,8730  0,3713  1,0000  
0,5663  1,0000  0,8489  0,0000  0,9252  0,8653  0,3701  1,0000  
0,5671  1,0000  0,8837  0,0000  0,9015  0,8702  0,3688  1,0000  
0,5678  1,0000  0,6444  0,0000  0,8432  0,8831  0,3676  1,0000  
0,5686  1,0000  0,4913  0,0000  0,8575  0,6105  0,3668  1,0000  
0,5694  1,0000  0,4345  0,0000  0,8734  0,5965  0,3661  1,0000  
0,5701  1,0000  0,6514  0,0000  0,9298  0,8647  0,3654  1,0000  
0,5709  1,0000  0,7926  0,0000  0,9749  0,8543  0,3643  1,0000  
0,5716  1,0000  0,8451  0,0000  0,9673  0,8556  0,3631  1,0000  
0,5724  1,0000  0,5730  0,0000  0,7795  0,8973  0,3620  1,0000  
0,5732  1,0000  0,3976  0,0000  0,7294  0,5851  0,3613  1,0000  
0,5739  1,0000  0,3325  0,0000  0,7288  0,5764  0,3608  1,0000  
0,5747  1,0000  0,8520  0,0000  0,7781  0,8986  0,3599  1,0000  
0,5755  1,0000  0,6841  0,0000  0,8321  0,8863  0,3589  1,0000  
0,5762  1,0000  0,7552  0,0000  0,8836  0,8744  0,3578  1,0000  
0,5770  1,0000  0,5764  0,0000  0,8393  0,8840  0,3568  1,0000  
0,5777  1,0000  0,4769  0,0000  0,7825  0,5670  0,3560  1,0000  
0,5785  1,0000  0,7155  0,0000  0,7654  0,9010  0,3550  1,0000  
0,5793  1,0000  0,9083  0,0000  0,8037  0,8928  0,3538  1,0000  
0,5800  1,0000  0,6001  0,0000  0,9084  0,8694  0,3526  1,0000  
0,5808  1,0000  0,6265  0,0000  0,9333  0,8634  0,3517  1,0000  
0,5816  1,0000  0,8578  0,0000  0,9017  0,8701  0,3506  1,0000  
0,5823  1,0000  0,9763  0,0000  0,8427  0,8833  0,3492  1,0000  
0,5831  1,0000  0,6273  0,0000  0,8104  0,8908  0,3483  1,0000  
0,5838  1,0000  0,4751  0,0000  0,8876  0,5663  0,3475  1,0000  
0,5846  1,0000  0,6323  0,0000  0,9460  0,8610  0,3465  1,0000  
0,5854  1,0000  0,5711  0,0000  0,9849  0,8520  0,3456  1,0000  
0,5861  1,0000  0,6898  0,0000  0,9686  0,8553  0,3447  1,0000  
0,5869  1,0000  0,7699  0,0000  0,9120  0,8678  0,3436  1,0000  
0,5877  1,0000  0,7997  0,0000  0,7925  0,8947  0,3424  1,0000  
0,5884  1,0000  0,6400  0,0000  0,8007  0,8933  0,3414  1,0000  
0,5892  1,0000  0,5371  0,0000  0,8544  0,8815  0,3405  1,0000  
0,5899  1,0000  0,4989  0,0000  0,9041  0,5616  0,3397  1,0000  
0,5907  1,0000  0,6853  0,0000  0,9042  0,8697  0,3389  1,0000  
0,5915  1,0000  0,5808  0,0000  0,9139  0,8673  0,3379  1,0000  
0,5922  1,0000  0,5419  0,0000  0,8601  0,8795  0,3371  1,0000  
0,5930  1,0000  0,3604  0,0000  0,8516  0,5486  0,3364  1,0000  
0,5938  1,0000  0,1883  0,0000  0,8962  0,5369  0,3360  1,0000  
0,5945  1,0000  0,1802  0,0000  0,9529  0,5240  0,3357  1,0000  
0,5953  1,0000  0,2717  0,0000  0,8472  0,5115  0,3355  1,0000  
0,5960  1,0000  0,4280  0,0000  0,8085  0,4988  0,3349  1,0000  
0,5968  1,0000  0,4601  0,0000  0,7500  0,4863  0,3342  1,0000  
0,5976  1,0000  0,8929  0,0000  0,7256  0,9099  0,3333  1,0000  
0,5983  1,0000  0,6711  0,0000  0,7576  0,9031  0,3322  1,0000  
0,5991  1,0000  0,7285  0,0000  0,9086  0,8694  0,3312  1,0000  
0,5998  1,0000  0,7030  0,0000  0,9404  0,8619  0,3301  1,0000  
0,6006  1,0000  0,6816  0,0000  0,9157  0,8670  0,3291  1,0000  
0,6014  1,0000  0,6736  0,0000  0,8572  0,8800  0,3281  1,0000  
0,6021  1,0000  0,6359  0,0000  0,8187  0,8889  0,3272  1,0000  
0,6029  1,0000  0,3167  0,0000  0,7341  0,4733  0,3265  1,0000  
0,6037  1,0000  0,1803  0,0000  0,7909  0,4602  0,3262  1,0000  
0,6044  1,0000  0,3741  0,0000  0,8353  0,4458  0,3259  1,0000  
0,6052  1,0000  0,5084  0,0000  0,8266  0,4304  0,3252  1,0000  
0,6059  1,0000  0,5557  0,0000  0,7727  0,8988  0,3244  1,0000  
0,6067  1,0000  0,2806  0,0000  0,8590  0,4144  0,3238  1,0000  
0,6075  1,0000  0,1802  0,0000  0,8594  0,3974  0,3235  1,0000  
0,6082  1,0000  0,1802  0,0000  0,9093  0,3794  0,3232  1,0000  
0,6090  1,0000  0,4397  0,0000  0,9628  0,3595  0,3229  1,0000  
0,6098  1,0000  0,7024  0,0000  0,9707  0,8549  0,3220  1,0000  
0,6105  1,0000  0,7988  0,0000  0,8692  0,8773  0,3209  1,0000  
0,6113  1,0000  0,6404  0,0000  0,8127  0,8901  0,3196  1,0000  
0,6120  1,0000  0,6597  0,0000  0,7966  0,8941  0,3187  1,0000  
0,6128  1,0000  0,6867  0,0000  0,8357  0,8857  0,3177  1,0000  
0,6136  1,0000  0,6969  0,0000  0,8940  0,8685  0,3168  1,0000  
0,6143  1,0000  0,4501  0,0000  0,8813  0,3468  0,3159  1,0000  
0,6151  1,0000  0,3436  0,0000  0,8488  0,3267  0,3154  1,0000  
0,6159  1,0000  0,1803  0,0000  0,7898  0,3070  0,3150  1,0000  
0,6166  1,0000  0,1802  0,0000  0,7584  0,2876  0,3147  1,0000  
0,6174  1,0000  0,0402  0,0000  0,6474  0,2679  0,3145  1,0000  
0,6181  1,0000  0,0000  0,0000  0,8221  0,2470  0,3145  1,0000  
0,6189  1,0000  0,0000  0,0000  0,8602  0,2236  0,3145  1,0000  
0,6197  1,0000  0,0000  0,0000  0,8429  0,1989  0,3145  1,0000  
0,6204  1,0000  0,0000  0,0000  0,7860  0,1743  0,3145  1,0000  
0,6212  1,0000  0,0000  0,0000  0,7419  0,1502  0,3145  1,0000  
0,6220  1,0000  0,0000  0,0000  0,6232  0,1291  0,3145  1,0000  
0,6227  1,0000  0,0000  0,0000  0,6773  0,1068  0,3145  1,0000  
0,6235  1,0000  0,0000  0,0000  0,7265  0,0821  0,3145  1,0000  
0,6242  1,0000  0,0000  0,0000  0,7256  0,0557  0,3145  1,0000  
0,6250  1,0000  0,0000  0,0000  0,6754  0,0292  0,3145  1,0000  
0,6258  1,0000  0,0000  0,0000  0,7482  0,0000  0,3145  1,0000  
0,6265  1,0000  0,0000  1,0000  0,7407  0,8875  0,3145  1,0000  
0,6273  1,0000  0,0000  1,0000  0,7860  0,8968  0,3144  1,0000  
0,6280  1,0000  0,0000  1,0000  0,8424  0,8841  0,3144  1,0000  
0,6288  1,0000  0,0000  1,0000  0,8580  0,8802  0,3144  1,0000  
0,6296  1,0000  0,0000  1,0000  0,7840  0,8964  0,3143  1,0000  
0,6303  1,0000  0,0000  1,0000  0,7257  0,9094  0,3143  1,0000  
0,6311  1,0000  0,0000  1,0000  0,7022  0,9151  0,3143  1,0000  
0,6319  1,0000  0,0000  1,0000  0,7351  0,9081  0,3142  1,0000  
0,6326  1,0000  0,0000  1,0000  0,7941  0,8949  0,3142  1,0000  
0,6334  1,0000  0,0000  1,0000  0,7517  0,9040  0,3142  1,0000  
0,6341  1,0000  0,0000  1,0000  0,7261  0,9094  0,3142  1,0000  
0,6349  1,0000  0,0000  1,0000  0,6675  0,9224  0,3141  1,0000  
0,6357  1,0000  0,0000  1,0000  0,6298  0,9311  0,3141  1,0000  
0,6364  1,0000  0,0000  1,0000  0,6476  0,9276  0,3141  1,0000  
0,6372  1,0000  0,0000  1,0000  0,7946  0,8949  0,3140  1,0000  
0,6380  1,0000  0,0000  1,0000  0,8384  0,8848  0,3140  1,0000  
0,6387  1,0000  0,0000  1,0000  0,8286  0,8866  0,3140  1,0000  
0,6395  1,0000  0,0000  1,0000  0,7743  0,8985  0,3139  1,0000  
0,6402  1,0000  0,0000  1,0000  0,7254  0,9096  0,3139  1,0000  
0,6410  1,0000  0,0000  1,0000  0,7571  0,9030  0,3139  1,0000  
0,6418  1,0000  0,0000  1,0000  0,8075  0,8920  0,3138  1,0000  
0,6425  1,0000  0,0000  1,0000  0,8606  0,8800  0,3138  1,0000  
0,6433  1,0000  0,0000  1,0000  0,8675  0,8780  0,3138  1,0000  
0,6441  1,0000  0,0000  1,0000  0,8219  0,8879  0,3137  1,0000  
0,6448  1,0000  0,0000  1,0000  0,7359  0,9072  0,3137  1,0000  
0,6456  1,0000  0,0000  1,0000  0,7208  0,9110  0,3137  1,0000  
0,6463  1,0000  0,0000  1,0000  0,7606  0,9024  0,3136  1,0000  
0,6471  1,0000  0,0000  1,0000  0,8188  0,8894  0,3136  1,0000  
0,6479  1,0000  0,0000  1,0000  0,8419  0,8838  0,3136  1,0000  
0,6486  1,0000  0,0000  1,0000  0,7877  0,8956  0,3135  1,0000  
0,6494  1,0000  0,0000  1,0000  0,7287  0,9087  0,3135  1,0000  
0,6502  1,0000  0,0000  1,0000  0,6982  0,9159  0,3135  1,0000  
0,6509  1,0000  0,0000  1,0000  0,7243  0,9105  0,3134  1,0000  
0,6517  1,0000  0,0000  1,0000  0,7830  0,8974  0,3134  1,0000  
0,6524  1,0000  0,0000  1,0000  0,7882  0,8960  0,3134  1,0000  
0,6532  1,0000  0,0000  1,0000  0,7698  0,8996  0,3134  1,0000  
0,6540  1,0000  0,0000  1,0000  0,7127  0,9123  0,3133  1,0000  
0,6547  1,0000  0,0000  1,0000  0,6693  0,9223  0,3133  1,0000  
0,6555  1,0000  0,0000  1,0000  0,6795  0,9204  0,3133  1,0000  
0,6563  1,0000  0,0000  1,0000  0,7995  0,8938  0,3132  1,0000  
0,6570  1,0000  0,0000  1,0000  0,8481  0,8827  0,3132  1,0000  
0,6578  1,0000  0,0000  1,0000  0,8461  0,8827  0,3132  1,0000  
0,6585  1,0000  0,0000  1,0000  0,7954  0,8938  0,3131  1,0000  
0,6593  1,0000  0,0000  1,0000  0,7426  0,9058  0,3131  1,0000  
0,6601  1,0000  0,0000  1,0000  0,6610  0,9244  0,3131  1,0000  
0,6608  1,0000  0,0000  1,0000  0,7070  0,9144  0,3130  1,0000  
0,6616  1,0000  0,0000  1,0000  0,7630  0,9018  0,3130  1,0000  
0,6623  1,0000  0,0000  1,0000  0,7776  0,8981  0,3130  1,0000  
0,6631  0,0000  0,0000  1,0000  0,7374  0,9068  0,3129  0,0000  
0,6639  0,0100  0,0000  1,0000  0,6328  0,9302  0,3129  0,0100  
0,6646  0,0198  0,0000  1,0000  0,6102  0,9356  0,3129  0,0198  
0,6654  0,0296  0,0000  1,0000  0,6440  0,9285  0,3128  0,0296  
0,6662  0,0392  0,0000  1,0000  0,7030  0,9153  0,3128  0,0392  
0,6669  0,0488  0,0000  1,0000  0,7330  0,9082  0,3128  0,0488  
0,6677  0,0582  0,0000  1,0000  0,7656  0,9005  0,3127  0,0582  
0,6684  0,0676  0,0000  1,0000  0,7069  0,9136  0,3127  0,0676  
0,6692  0,0769  0,0000  1,0000  0,6700  0,9222  0,3127  0,0769  
0,6700  0,0861  0,0000  1,0000  0,6889  0,9184  0,3127  0,0861  
0,6707  0,0952  0,0000  1,0000  0,7462  0,9057  0,3126  0,0952  
0,6715  0,1042  0,0000  1,0000  0,7962  0,8942  0,3126  0,1042  
0,6723  0,1131  0,0000  1,0000  0,7855  0,8962  0,3126  0,1131  
0,6730  0,1219  0,0000  1,0000  0,7308  0,9082  0,3125  0,1219  
0,6738  0,1306  0,0000  1,0000  0,6825  0,9192  0,3125  0,1306  
0,6745  0,1393  0,0000  1,0000  0,6850  0,9191  0,3125  0,1393  
0,6753  0,1479  0,0000  1,0000  0,6719  0,9223  0,3124  0,1479  
0,6761  0,1563  0,0000  1,0000  0,7245  0,9104  0,3124  0,1563  
0,6768  0,1647  0,0000  1,0000  0,7304  0,9086  0,3124  0,1647  
0,6776  0,1730  0,0000  1,0000  0,6841  0,9187  0,3123  0,1730  
0,6784  0,1813  0,0000  1,0000  0,6282  0,9313  0,3123  0,1813  
0,6791  0,1894  0,0000  1,0000  0,6232  0,9328  0,3123  0,1894  
0,6799  0,1975  0,0000  1,0000  0,6638  0,9241  0,3122  0,1975  
0,6806  0,2055  0,0000  1,0000  0,7218  0,9110  0,3122  0,2055  
0,6814  0,2134  0,0000  1,0000  0,7439  0,9057  0,3122  0,2134  
0,6822  0,2212  0,0000  1,0000  0,7097  0,9130  0,3121  0,2212  
0,6829  0,2289  0,0000  1,0000  0,6380  0,9290  0,3121  0,2289  
0,6837  0,2366  0,0000  1,0000  0,6084  0,9360  0,3121  0,2366  
0,6845  0,2442  0,0000  1,0000  0,6355  0,9303  0,3120  0,2442  
0,6852  0,2517  0,0000  1,0000  0,6942  0,9173  0,3120  0,2517  
0,6860  0,2592  0,0000  1,0000  0,7307  0,9088  0,3120  0,2592  
0,6867  0,2666  0,0000  1,0000  0,7129  0,9123  0,3119  0,2666  
0,6875  0,2739  0,0000  1,0000  0,6555  0,9250  0,3119  0,2739  
0,6883  0,2811  0,0000  1,0000  0,6129  0,9349  0,3119  0,2811  
0,6890  0,2882  0,0000  1,0000  0,6242  0,9328  0,3119  0,2882  
0,6898  0,2953  0,0000  1,0000  0,6790  0,9207  0,3118  0,2953  
0,6905  0,3023  0,0000  1,0000  0,7746  0,8991  0,3118  0,3023  
0,6913  0,3093  0,0000  1,0000  0,7716  0,8993  0,3118  0,3093  
0,6921  0,3161  0,0000  1,0000  0,7203  0,9106  0,3117  0,3161  
0,6928  0,3229  0,0000  1,0000  0,6680  0,9224  0,3117  0,3229  
0,6936  0,3297  0,0000  1,0000  0,6626  0,9241  0,3117  0,3297  
0,6944  0,3363  0,0000  1,0000  0,7925  0,8953  0,3116  0,3363  
0,6951  0,3430  0,0000  1,0000  0,8482  0,8828  0,3116  0,3430  
0,6959  0,3495  0,0000  1,0000  0,8618  0,8793  0,3116  0,3495  
0,6966  0,3560  0,0000  1,0000  0,8208  0,8881  0,3115  0,3560  
0,6974  0,3624  0,0000  1,0000  0,7629  0,9011  0,3115  0,3624  
0,6982  0,3687  0,0000  1,0000  0,6143  0,9347  0,3115  0,3687  
0,6989  0,3750  0,0000  1,0000  0,6489  0,9274  0,3114  0,3750  
0,6997  0,3812  0,0000  1,0000  0,7079  0,9142  0,3114  0,3812  
0,7005  0,3874  0,0000  1,0000  0,7370  0,9073  0,3114  0,3874  
0,7012  0,3935  0,0000  1,0000  0,7095  0,9131  0,3113  0,3935  
0,7020  0,3995  0,0000  1,0000  0,7280  0,9089  0,3113  0,3995  
0,7027  0,4055  0,0000  1,0000  0,6920  0,9173  0,3113  0,4055  
0,7035  0,4114  0,0000  1,0000  0,7118  0,9132  0,3112  0,4114  
0,7043  0,4173  0,0000  1,0000  0,7694  0,9005  0,3112  0,4173  
0,7050  0,4231  0,0000  1,0000  0,8117  0,8908  0,3112  0,4231  
0,7058  0,4288  0,0000  1,0000  0,7069  0,9137  0,3111  0,4288  
0,7066  0,4345  0,0000  1,0000  0,6518  0,9258  0,3111  0,4345  
0,7073  0,4401  0,0000  1,0000  0,6041  0,9367  0,3111  0,4401  
0,7081  0,4457  0,0000  1,0000  0,6077  0,9364  0,3111  0,4457  
0,7088  0,4512  0,0000  1,0000  0,6592  0,9251  0,3110  0,4512  
0,7096  0,4566  0,0000  1,0000  0,7943  0,8948  0,3110  0,4566  
0,7104  0,4621  0,0000  1,0000  0,7991  0,8932  0,3110  0,4621  
0,7111  0,4674  0,0000  1,0000  0,7522  0,9034  0,3109  0,4674  
0,7119  0,4727  0,0000  1,0000  0,6967  0,9160  0,3109  0,4727  
0,7127  0,4780  0,0000  1,0000  0,6836  0,9193  0,3109  0,4780  
0,7134  0,4831  0,0000  1,0000  0,6273  0,9322  0,3108  0,4831  
0,7142  0,4883  0,0000  1,0000  0,6851  0,9192  0,3108  0,4883  
0,7149  0,4934  0,0000  1,0000  0,7062  0,9141  0,3108  0,4934  
0,7157  0,4984  0,0000  1,0000  0,6711  0,9216  0,3107  0,4984  
0,7165  0,5034  0,1422  1,0000  0,7484  0,9050  0,3107  0,5034  
0,7172  0,5084  0,1802  1,0000  0,7688  0,9002  0,3104  0,5084  
0,7180  0,5132  0,2704  1,0000  0,7968  0,8943  0,3101  0,5132  
0,7188  0,5181  0,1806  1,0000  0,8557  0,8812  0,3097  0,5181  
0,7195  0,5229  0,1802  1,0000  0,8913  0,8729  0,3094  0,5229  
0,7203  0,5276  0,1802  1,0000  0,8710  0,8770  0,3091  0,5276  
0,7210  0,5323  0,4682  1,0000  0,7800  0,8972  0,3087  0,5323  
0,7218  0,5370  0,7534  1,0000  0,7381  0,9069  0,3077  0,5370  
0,7226  0,5416  0,8585  1,0000  0,7504  0,9046  0,3065  0,5416  
0,7233  0,5462  0,7531  1,0000  0,8056  0,8924  0,3052  0,5462  
0,7241  0,5507  0,6772  1,0000  0,8530  0,8816  0,3042  0,5507  
0,7248  0,5551  0,6490  1,0000  0,9104  0,8683  0,3032  0,5551  
0,7256  0,5596  0,3435  1,0000  0,8587  0,8797  0,3024  0,5596  
0,7264  0,5640  0,1803  1,0000  0,8068  0,8914  0,3020  0,5640  
0,7271  0,5683  0,1802  1,0000  0,8025  0,8928  0,3017  0,5683  
0,7279  0,5726  0,1802  1,0000  0,8497  0,8826  0,3014  0,5726  
0,7287  0,5768  0,4564  1,0000  0,8669  0,8786  0,3008  0,5768  
0,7294  0,5810  0,5111  1,0000  0,8794  0,8754  0,3001  0,5810  
0,7302  0,5852  0,4412  1,0000  0,8377  0,8844  0,2993  0,5852  
0,7309  0,5893  0,3923  1,0000  0,7800  0,8973  0,2987  0,5893  
0,7317  0,5934  0,3742  1,0000  0,7594  0,9023  0,2981  0,5934  
0,7325  0,5975  0,7119  1,0000  0,7636  0,9017  0,2973  0,5975  
0,7332  0,6015  0,9251  1,0000  0,8225  0,8886  0,2960  0,6015  
0,7340  0,6054  0,6123  1,0000  0,8507  0,8819  0,2946  0,6054  
0,7348  0,6094  0,5946  1,0000  0,8223  0,8879  0,2937  0,6094  
0,7355  0,6133  0,5991  1,0000  0,7634  0,9010  0,2928  0,6133  
0,7363  0,6171  0,6008  1,0000  0,7367  0,9073  0,2919  0,6171  
0,7370  0,6209  0,5226  1,0000  0,7575  0,9030  0,2910  0,6209  
0,7378  0,6247  0,4735  1,0000  0,8153  0,8903  0,2903  0,6247  
0,7386  0,6284  0,4553  1,0000  0,8568  0,8807  0,2896  0,6284  
0,7393  0,6321  0,7438  1,0000  0,8440  0,8831  0,2885  0,6321  
0,7401  0,6358  0,7194  1,0000  0,8743  0,8762  0,2874  0,6358  
0,7409  0,6394  0,7104  1,0000  0,8273  0,8869  0,2863  0,6394  
0,7416  0,6430  0,7667  1,0000  0,8318  0,8864  0,2852  0,6430  
0,7424  0,6465  0,8029  1,0000  0,8838  0,8750  0,2840  0,6465  
0,7431  0,6501  0,8163  1,0000  0,9355  0,8632  0,2828  0,6501  
0,7439  0,6535  0,5187  1,0000  0,9799  0,8529  0,2817  0,6535  
0,7447  0,6570  0,3311  1,0000  0,9323  0,8632  0,2811  0,6570  
0,7454  0,6604  0,2615  1,0000  0,8772  0,8757  0,2806  0,6604  
0,7462  0,6638  0,4540  1,0000  0,8651  0,8788  0,2801  0,6638  
0,7470  0,6671  0,5815  1,0000  0,9072  0,8697  0,2793  0,6671  
0,7477  0,6704  0,6288  1,0000  0,8468  0,8831  0,2784  0,6704  
0,7485  0,6737  0,4991  1,0000  0,8669  0,8782  0,2775  0,6737  
0,7492  0,6770  0,4134  1,0000  0,8311  0,8859  0,2768  0,6770  
0,7500  0,6802  0,3816  1,0000  0,7722  0,8990  0,2762  0,6802  
0,7508  0,6834  0,6134  1,0000  0,7445  0,9056  0,2755  0,6834  
0,7515  0,6865  0,7615  1,0000  0,8477  0,8829  0,2744  0,6865  
0,7523  0,6896  0,8166  1,0000  0,9067  0,8698  0,2732  0,6896  
0,7530  0,6927  0,6358  1,0000  0,9415  0,8617  0,2721  0,6927  
0,7538  0,6958  0,5174  1,0000  0,9202  0,8660  0,2712  0,6958  
0,7546  0,6988  0,4734  1,0000  0,8623  0,8789  0,2704  0,6988  
0,7553  0,7018  0,8531  1,0000  0,8066  0,8916  0,2695  0,7018  
0,7561  0,7048  0,6333  1,0000  0,8199  0,8891  0,2683  0,7048  
0,7569  0,7077  0,6849  1,0000  0,8755  0,8768  0,2673  0,7077  
0,7576  0,7106  0,5142  1,0000  0,9223  0,8661  0,2664  0,7106  
0,7584  0,7135  0,6959  1,0000  0,9172  0,8668  0,2654  0,7135  
0,7591  0,7163  0,6242  1,0000  0,8908  0,8725  0,2644  0,7163  
0,7599  0,7192  0,8099  1,0000  0,8394  0,8842  0,2633  0,7192  
0,7607  0,7220  0,9330  1,0000  0,8361  0,8853  0,2620  0,7220  
0,7614  0,7247  0,9787  1,0000  0,8840  0,8749  0,2606  0,7247  
0,7622  0,7275  0,7433  1,0000  0,9390  0,8625  0,2592  0,7275  
0,7630  0,7302  0,5916  1,0000  0,9351  0,8629  0,2582  0,7302  
0,7637  0,7329  0,5353  1,0000  0,8926  0,8721  0,2574  0,7329  
0,7645  0,7355  0,2258  1,0000  0,8352  0,8850  0,2567  0,7355  
0,7652  0,7382  0,1802  1,0000  0,8156  0,8898  0,2564  0,7382  
0,7660  0,7408  0,1802  1,0000  0,8518  0,8821  0,2561  0,7408  
0,7668  0,7433  0,2901  1,0000  0,8492  0,8826  0,2558  0,7433  
0,7675  0,7459  0,5404  1,0000  0,8765  0,8762  0,2551  0,7459  
0,7683  0,7484  0,6139  1,0000  0,8471  0,8823  0,2542  0,7484  
0,7691  0,7509  0,5321  1,0000  0,7881  0,8954  0,2533  0,7509  
0,7698  0,7534  0,4739  1,0000  0,7538  0,9035  0,2526  0,7534  
0,7706  0,7559  0,4523  1,0000  0,8526  0,8818  0,2519  0,7559  
0,7713  0,7583  0,1865  1,0000  0,9106  0,8690  0,2513  0,7583  
0,7721  0,7607  0,1802  1,0000  0,9514  0,8595  0,2510  0,7607  
0,7729  0,7631  0,1802  1,0000  0,9376  0,8622  0,2507  0,7631  
0,7736  0,7654  0,1802  1,0000  0,8818  0,8745  0,2504  0,7654  
0,7744  0,7678  0,4970  1,0000  0,7832  0,8968  0,2498  0,7678  
0,7752  0,7701  0,5648  1,0000  0,7888  0,8960  0,2490  0,7701  
0,7759  0,7724  0,5979  1,0000  0,8413  0,8845  0,2481  0,7724  
0,7767  0,7746  0,6121  1,0000  0,8924  0,8728  0,2471  0,7746  
0,7774  0,7769  0,6174  1,0000  0,8951  0,8718  0,2462  0,7769  
0,7782  0,7791  0,4963  1,0000  0,7985  0,8931  0,2453  0,7791  
0,7790  0,7813  0,4200  1,0000  0,7437  0,9055  0,2446  0,7813  
0,7797  0,7835  0,3917  1,0000  0,7326  0,9084  0,2440  0,7835  
0,7805  0,7856  0,7176  1,0000  0,7755  0,8991  0,2432  0,7856  
0,7813  0,7878  0,9244  1,0000  0,8328  0,8862  0,2419  0,7878  
0,7820  0,7899  0,6439  1,0000  0,8804  0,8752  0,2405  0,7899  
0,7828  0,7920  0,6084  1,0000  0,8437  0,8830  0,2396  0,7920  
0,7835  0,7940  0,3575  1,0000  0,7850  0,8962  0,2389  0,7940  
0,7843  0,7961  0,2638  1,0000  0,7582  0,9026  0,2384  0,7961  
0,7851  0,7981  0,1802  1,0000  0,7880  0,8963  0,2381  0,7981  
0,7858  0,8001  0,1802  1,0000  0,8531  0,8818  0,2378  0,8001  
0,7866  0,8021  0,1802  1,0000  0,8871  0,8738  0,2375  0,8021  
0,7873  0,8041  0,2564  1,0000  0,8648  0,8784  0,2372  0,8041  
0,7881  0,8060  0,4497  1,0000  0,8068  0,8913  0,2366  0,8060  
0,7889  0,8080  0,4911  1,0000  0,7663  0,9006  0,2358  0,8080  
0,7896  0,8099  0,5832  1,0000  0,8722  0,8774  0,2350  0,8099  
0,7904  0,8118  0,6369  1,0000  0,9282  0,8650  0,2341  0,8118  
0,7912  0,8136  0,6569  1,0000  0,9743  0,8545  0,2331  0,8136  
0,7919  0,8155  0,4896  1,0000  0,9682  0,8554  0,2322  0,8155  
0,7927  0,8173  0,3830  1,0000  0,9154  0,8670  0,2315  0,8173  
0,7934  0,8191  0,3435  1,0000  0,8055  0,8917  0,2310  0,8191  
0,7942  0,8209  0,3753  1,0000  0,8033  0,8927  0,2304  0,8209  
0,7950  0,8227  0,3990  1,0000  0,8517  0,8821  0,2298  0,8227  
0,7957  0,8245  0,4078  1,0000  0,9063  0,8698  0,2292  0,8245  
0,7965  0,8262  0,2046  1,0000  0,9168  0,8670  0,2286  0,8262  
0,7973  0,8280  0,1802  1,0000  0,9135  0,8674  0,2283  0,8280  
0,7980  0,8297  0,1802  1,0000  0,8563  0,8803  0,2280  0,8297  
0,7988  0,8314  0,7049  1,0000  0,8377  0,8849  0,2275  0,8314  
0,7995  0,8330  0,6249  1,0000  0,8747  0,8769  0,2263  0,8330  
0,8003  0,8347  0,7001  1,0000  0,9335  0,8638  0,2253  0,8347  
0,8011  0,8363  0,7214  1,0000  0,8425  0,8837  0,2242  0,8363  
0,8018  0,8380  0,7272  1,0000  0,8123  0,8901  0,2231  0,8380  
0,8026  0,8396  0,7294  1,0000  0,7532  0,9032  0,2220  0,8396  
0,8034  0,8412  0,6206  1,0000  0,7197  0,9111  0,2210  0,8412  
0,8041  0,8428  0,1906  1,0000  0,7425  0,9064  0,2204  0,8428  
0,8049  0,8443  0,1802  1,0000  0,8155  0,8902  0,2201  0,8443  
0,8056  0,8459  0,6644  1,0000  0,8556  0,8809  0,2196  0,8459  
0,8064  0,8474  0,6188  1,0000  0,8407  0,8838  0,2183  0,8474  
0,8072  0,8489  0,6825  1,0000  0,7846  0,8962  0,2173  0,8489  
0,8079  0,8504  0,6706  1,0000  0,7388  0,9067  0,2164  0,8504  
0,8087  0,8519  0,3616  1,0000  0,8371  0,8852  0,2156  0,8519  
0,8095  0,8534  0,1826  1,0000  0,8901  0,8736  0,2152  0,8534  
0,8102  0,8549  0,1802  1,0000  0,9407  0,8620  0,2149  0,8549  
0,8110  0,8563  0,3665  1,0000  0,9424  0,8612  0,2145  0,8563  
0,8117  0,8577  0,3871  1,0000  0,8936  0,8719  0,2139  0,8577  
0,8125  0,8591  0,5605  1,0000  0,7916  0,8948  0,2131  0,8591  
0,8133  0,8605  0,6671  1,0000  0,7816  0,8975  0,2122  0,8605  
0,8140  0,8619  0,7067  1,0000  0,8252  0,8880  0,2111  0,8619  
0,8148  0,8633  0,5515  1,0000  0,8823  0,8752  0,2102  0,8633  
0,8155  0,8647  0,4506  1,0000  0,9004  0,8707  0,2094  0,8647  
0,8163  0,8660  0,4132  1,0000  0,9038  0,8696  0,2087  0,8660  
0,8171  0,8673  0,7203  1,0000  0,8452  0,8828  0,2079  0,8673  
0,8178  0,8687  0,9161  1,0000  0,8193  0,8889  0,2066  0,8687  
0,8186  0,8700  0,9888  1,0000  0,8500  0,8824  0,2052  0,8700  
0,8194  0,8713  0,9931  1,0000  0,9090  0,8693  0,2037  0,8713  
0,8201  0,8725  0,9888  1,0000  0,8902  0,8731  0,2022  0,8725  
0,8209  0,8738  0,9872  1,0000  0,8669  0,8779  0,2007  0,8738  
0,8216  0,8751  0,4920  1,0000  0,8087  0,8908  0,1995  0,8751  
0,8224  0,8763  0,1808  1,0000  0,7690  0,9000  0,1991  0,8763  
0,8232  0,8775  0,1802  1,0000  0,7844  0,8970  0,1988  0,8775  
0,8239  0,8788  0,6267  1,0000  0,8070  0,8921  0,1983  0,8788  
0,8247  0,8800  0,8272  1,0000  0,8525  0,8817  0,1970  0,8800  
0,8255  0,8812  0,6489  1,0000  0,8453  0,8829  0,1960  0,8812  
0,8262  0,8823  0,7209  1,0000  0,7921  0,8945  0,1950  0,8823  
0,8270  0,8835  0,7586  1,0000  0,7418  0,9060  0,1938  0,8835  
0,8277  0,8847  0,7726  1,0000  0,7430  0,9061  0,1927  0,8847  
0,8285  0,8858  0,9443  1,0000  0,7920  0,8955  0,1914  0,8858  
0,8293  0,8870  0,6261  1,0000  0,8462  0,8832  0,1902  0,8870  
0,8300  0,8881  0,6494  1,0000  0,8557  0,8806  0,1892  0,8881  
0,8308  0,8892  0,5862  1,0000  0,8118  0,8901  0,1883  0,8892  
0,8316  0,8903  0,5444  1,0000  0,8919  0,8724  0,1874  0,8903  
0,8323  0,8914  0,5289  1,0000  0,8742  0,8767  0,1866  0,8914  
0,8331  0,8925  0,6190  1,0000  0,9121  0,8686  0,1857  0,8925  
0,8338  0,8935  0,6769  1,0000  0,9707  0,8555  0,1847  0,8935  
0,8346  0,8946  0,6984  1,0000  0,9961  0,8494  0,1837  0,8946  
0,8354  0,8956  0,6661  1,0000  0,8792  0,8751  0,1826  0,8956  
0,8361  0,8967  0,6438  1,0000  0,8202  0,8883  0,1816  0,8967  
0,8369  0,8977  0,6355  1,0000  0,7875  0,8960  0,1807  0,8977  
0,8377  0,8987  0,5278  1,0000  0,8113  0,8911  0,1798  0,8987  
0,8384  0,8997  0,4612  1,0000  0,8696  0,8781  0,1790  0,8997  
0,8392  0,9007  0,7325  1,0000  0,8939  0,8724  0,1780  0,9007  
0,8399  0,9017  0,8805  1,0000  0,8781  0,8755  0,1768  0,9017  
0,8407  0,9027  0,9770  1,0000  0,8216  0,8879  0,1754  0,9027  
0,8415  0,9037  0,6092  1,0000  0,7765  0,8983  0,1740  0,9037  
0,8422  0,9046  0,5367  1,0000  0,7842  0,8970  0,1732  0,9046  
0,8430  0,9056  0,4929  1,0000  0,9009  0,8712  0,1724  0,9056  
0,8438  0,9065  0,4766  1,0000  0,9509  0,8598  0,1716  0,9065  
0,8445  0,9074  0,4806  1,0000  0,9516  0,8592  0,1709  0,9074  
0,8453  0,9084  0,4847  1,0000  0,9022  0,8699  0,1701  0,9084  
0,8460  0,9093  0,4862  1,0000  0,8483  0,8821  0,1694  0,9093  
0,8468  0,9102  0,6569  1,0000  0,7603  0,9022  0,1685  0,9102  
0,8476  0,9111  0,7636  1,0000  0,8046  0,8926  0,1674  0,9111  
0,8483  0,9120  0,8032  1,0000  0,8614  0,8799  0,1662  0,9120  
0,8491  0,9128  0,5620  1,0000  0,8785  0,8756  0,1652  0,9128  
0,8498  0,9137  0,6826  1,0000  0,8402  0,8838  0,1643  0,9137  
0,8506  0,9146  0,5871  1,0000  0,8250  0,8872  0,1633  0,9146  
0,8514  0,9154  0,4998  1,0000  0,8001  0,8932  0,1625  0,9154  
0,8521  0,9163  0,4917  1,0000  0,8317  0,8865  0,1617  0,9163  
0,8529  0,9171  0,7568  1,0000  0,8907  0,8734  0,1606  0,9171  
0,8537  0,9179  0,7852  1,0000  0,9230  0,8658  0,1595  0,9179  
0,8544  0,9187  0,7827  1,0000  0,8985  0,8709  0,1581  0,9187  
0,8552  0,9195  0,6467  1,0000  0,8401  0,8838  0,1571  0,9195  
0,8559  0,9203  0,4925  1,0000  0,8012  0,8928  0,1562  0,9203  
0,8567  0,9211  0,6568  1,0000  0,8176  0,8896  0,1553  0,9211  
0,8575  0,9219  0,5938  1,0000  0,8742  0,8771  0,1543  0,9219  
0,8582  0,9227  0,7701  1,0000  0,9732  0,8547  0,1533  0,9227  
0,8590  0,9235  0,8865  1,0000  0,9650  0,8561  0,1520  0,9235  
0,8598  0,9242  0,9297  1,0000  0,9113  0,8679  0,1506  0,9242  
0,8605  0,9250  1,0000  1,0000  0,8616  0,8792  0,1492  0,9250  
0,8613  0,9257  0,6196  1,0000  0,8614  0,8797  0,1482  0,9257  
0,8620  0,9265  0,6284  1,0000  0,8000  0,8937  0,1472  0,9265  
0,8628  0,9272  0,5886  1,0000  0,8537  0,8815  0,1463  0,9272  
0,8636  0,9279  0,5628  1,0000  0,8622  0,8792  0,1454  0,9279  
0,8643  0,9286  0,5533  1,0000  0,8176  0,8889  0,1446  0,9286  
0,8651  0,9293  0,5243  1,0000  0,7609  0,9016  0,1437  0,9293  
0,8659  0,9301  0,5071  1,0000  0,8342  0,8857  0,1429  0,9301  
0,8666  0,9307  0,5007  1,0000  0,8729  0,8774  0,1422  0,9307  
0,8674  0,9314  0,5305  1,0000  0,9314  0,8643  0,1414  0,9314  
0,8681  0,9321  0,5498  1,0000  0,9558  0,8584  0,1405  0,9321  
0,8689  0,9328  0,5570  1,0000  0,9238  0,8652  0,1397  0,9328  
0,8697  0,9335  0,6769  1,0000  0,7747  0,8985  0,1388  0,9335  
0,8704  0,9341  0,7513  1,0000  0,7429  0,9059  0,1377  0,9341  
0,8712  0,9348  0,7790  1,0000  0,7676  0,9008  0,1365  0,9348  
0,8720  0,9354  0,6338  1,0000  0,8261  0,8878  0,1354  0,9354  
0,8727  0,9361  0,5404  1,0000  0,8646  0,8789  0,1345  0,9361  
0,8735  0,9367  0,5056  1,0000  0,8462  0,8826  0,1337  0,9367  
0,8742  0,9373  0,5975  1,0000  0,7895  0,8951  0,1329  0,9373  
0,8750  0,9380  0,6583  1,0000  0,7450  0,9053  0,1319  0,9380  
0,8758  0,9386  0,6808  1,0000  0,7538  0,9038  0,1309  0,9386  
0,8765  0,9392  0,5858  1,0000  0,8076  0,8920  0,1299  0,9392  
0,8773  0,9398  0,5241  1,0000  0,9778  0,8537  0,1291  0,9398  
0,8780  0,9404  0,5012  1,0000  0,9774  0,8534  0,1283  0,9404  
0,8788  0,9410  0,5933  1,0000  0,9275  0,8643  0,1275  0,9410  
0,8796  0,9416  0,6532  1,0000  0,8740  0,8764  0,1265  0,9416  
0,8803  0,9422  0,6755  1,0000  0,8661  0,8786  0,1255  0,9422  
0,8811  0,9427  0,5747  1,0000  0,8749  0,8769  0,1245  0,9427  
0,8819  0,9433  0,5094  1,0000  0,9314  0,8642  0,1237  0,9433  
0,8826  0,9439  0,4852  1,0000  0,9476  0,8602  0,1229  0,9439  
0,8834  0,9444  0,6374  1,0000  0,9085  0,8686  0,1221  0,9444  
0,8841  0,9450  0,7350  1,0000  0,8501  0,8817  0,1210  0,9450  
0,8849  0,9455  0,7712  1,0000  0,8771  0,8760  0,1199  0,9455  
0,8857  0,9461  0,7000  1,0000  0,9096  0,8691  0,1187  0,9461  
0,8864  0,9466  0,6520  1,0000  0,9686  0,8560  0,1177  0,9466  
0,8872  0,9471  0,6342  1,0000  1,0000  0,8486  0,1167  0,9471  
0,8880  0,9477  0,7460  1,0000  0,9748  0,8538  0,1157  0,9477  
0,8887  0,9482  0,8177  1,0000  0,8957  0,8714  0,1145  0,9482  
0,8895  0,9487  0,8443  1,0000  0,8576  0,8803  0,1132  0,9487  
0,8902  0,9492  0,7470  1,0000  0,8750  0,8768  0,1120  0,9492  
0,8910  0,9497  0,6836  1,0000  0,9319  0,8642  0,1109  0,9497  
0,8918  0,9502  0,6601  1,0000  0,9759  0,8541  0,1099  0,9502  
0,8925  0,9507  0,4740  1,0000  0,9419  0,8613  0,1090  0,9507  
0,8933  0,9512  0,6037  1,0000  0,8879  0,8731  0,1081  0,9512  
0,8941  0,9517  0,5325  1,0000  0,8387  0,8844  0,1072  0,9517  
0,8948  0,9522  0,5537  1,0000  0,8396  0,8846  0,1064  0,9522  
0,8956  0,9526  0,5738  1,0000  0,8898  0,8736  0,1055  0,9526  
0,8963  0,9531  0,5812  1,0000  0,9289  0,8647  0,1046  0,9531  
0,8971  0,9536  0,4883  1,0000  0,9363  0,8626  0,1038  0,9536  
0,8979  0,9540  0,7427  1,0000  0,8910  0,8724  0,1028  0,9540  
0,8986  0,9545  0,7052  1,0000  0,8347  0,8851  0,1017  0,9545  
0,8994  0,9550  0,5330  1,0000  0,8191  0,8891  0,1008  0,9550  
0,9002  0,9554  0,4287  1,0000  0,7516  0,9044  0,1000  0,9554  
0,9009  0,9558  0,3900  1,0000  0,8099  0,8914  0,0994  0,9558  
0,9017  0,9563  0,4286  1,0000  0,8334  0,8857  0,0988  0,9563  
0,9024  0,9567  0,4564  1,0000  0,8005  0,8927  0,0981  0,9567  
0,9032  0,9571  0,4668  1,0000  0,7415  0,9059  0,0974  0,9571  
0,9040  0,9576  0,3062  1,0000  0,8511  0,8818  0,0968  0,9576  
0,9047  0,9580  0,1803  1,0000  0,8767  0,8765  0,0964  0,9580  
0,9055  0,9584  0,1802  1,0000  0,9353  0,8634  0,0961  0,9584  
0,9063  0,9588  0,1802  1,0000  0,9730  0,8547  0,0958  0,9588  
0,9070  0,9592  0,1802  1,0000  0,9551  0,8583  0,0955  0,9592  
0,9078  0,9596  0,1802  1,0000  0,8208  0,8881  0,0952  0,9596  
0,9085  0,9600  0,1802  1,0000  0,7771  0,8982  0,0949  0,9600  
0,9093  0,9604  0,4695  1,0000  0,7868  0,8964  0,0943  0,9604  
0,9101  0,9608  0,5354  1,0000  0,8411  0,8845  0,0936  0,9608  
0,9108  0,9612  0,6353  1,0000  0,8900  0,8733  0,0927  0,9612  
0,9116  0,9616  0,6916  1,0000  0,8609  0,8794  0,0916  0,9616  
0,9123  0,9620  0,7125  1,0000  0,8105  0,8904  0,0906  0,9620  
0,9131  0,9624  0,6647  1,0000  0,7574  0,9025  0,0895  0,9624  
0,9139  0,9627  0,6327  1,0000  0,7505  0,9044  0,0885  0,9627  
0,9146  0,9631  0,6209  1,0000  0,7961  0,8945  0,0876  0,9631  
0,9154  0,9635  0,5081  1,0000  0,9077  0,8695  0,0867  0,9635  
0,9162  0,9638  0,4387  1,0000  0,9229  0,8657  0,0860  0,9638  
0,9169  0,9642  0,4129  1,0000  0,8830  0,8743  0,0853  0,9642  
0,9177  0,9646  0,3822  1,0000  0,8248  0,8873  0,0847  0,9646  
0,9184  0,9649  0,3655  1,0000  0,8018  0,8929  0,0841  0,9649  
0,9192  0,9653  0,3593  1,0000  0,8360  0,8856  0,0836  0,9653  
0,9200  0,9656  0,6568  1,0000  0,8950  0,8724  0,0828  0,9656  
0,9207  0,9660  0,8437  1,0000  0,9255  0,8652  0,0816  0,9660  
0,9215  0,9663  0,9130  1,0000  0,8993  0,8707  0,0803  0,9663  
0,9223  0,9666  0,7947  1,0000  0,8407  0,8837  0,0790  0,9666  
0,9230  0,9670  0,7141  1,0000  0,8363  0,8850  0,0779  0,9670  
0,9238  0,9673  0,6841  1,0000  0,8547  0,8813  0,0768  0,9673  
0,9245  0,9676  0,9072  1,0000  0,9119  0,8687  0,0756  0,9676  
0,9253  0,9679  0,6073  1,0000  0,9552  0,8587  0,0744  0,9679  
0,9261  0,9683  0,6374  1,0000  0,9450  0,8606  0,0735  0,9683  
0,9268  0,9686  0,5618  1,0000  0,8038  0,8919  0,0725  0,9686  
0,9276  0,9689  0,5115  1,0000  0,7552  0,9030  0,0717  0,9689  
0,9284  0,9692  0,4928  1,0000  0,7572  0,9030  0,0710  0,9692  
0,9291  0,9695  0,5578  1,0000  0,8079  0,8919  0,0702  0,9695  
0,9299  0,9698  0,6003  1,0000  0,8608  0,8799  0,0693  0,9698  
0,9306  0,9701  0,6161  1,0000  0,9965  0,8492  0,0683  0,9701  
0,9314  0,9704  0,5324  1,0000  0,9506  0,8592  0,0674  0,9704  
0,9322  0,9707  0,1817  1,0000  0,8945  0,8718  0,0669  0,9707  
0,9329  0,9710  0,1802  1,0000  0,8799  0,8755  0,0666  0,9710  
0,9337  0,9713  0,1802  1,0000  0,9202  0,8668  0,0663  0,9713  
0,9345  0,9716  0,3246  1,0000  0,8298  0,8869  0,0660  0,9716  
0,9352  0,9718  0,3914  1,0000  0,8524  0,8815  0,0654  0,9718  
0,9360  0,9721  0,6491  1,0000  0,8186  0,8887  0,0646  0,9721  
0,9367  0,9724  0,8064  1,0000  0,7596  0,9018  0,0635  0,9724  
0,9375  0,9727  0,8648  1,0000  0,7296  0,9089  0,0622  0,9727  
0,9383  0,9729  0,6121  1,0000  0,7578  0,9030  0,0610  0,9729  
0,9390  0,9732  0,6691  1,0000  0,8165  0,8900  0,0600  0,9732  
0,9398  0,9735  0,6925  1,0000  0,8534  0,8814  0,0589  0,9735  
0,9405  0,9737  0,5955  1,0000  0,8346  0,8852  0,0580  0,9737  
0,9413  0,9740  0,1862  1,0000  0,7773  0,8978  0,0574  0,9740  
0,9421  0,9743  0,1802  1,0000  0,7570  0,9027  0,0571  0,9743  
0,9428  0,9745  0,1802  1,0000  0,7678  0,9007  0,0568  0,9745  
0,9436  0,9748  0,4593  1,0000  0,8225  0,8887  0,0562  0,9748  
0,9444  0,9750  0,5163  1,0000  0,8708  0,8776  0,0555  0,9750  
0,9451  0,9753  0,8979  1,0000  0,8683  0,8777  0,0544  0,9753  
0,9459  0,9755  0,6540  1,0000  0,9241  0,8650  0,0533  0,9755  
0,9466  0,9758  0,7040  1,0000  0,8715  0,8770  0,0523  0,9758  
0,9474  0,9760  0,5224  1,0000  0,8656  0,8787  0,0513  0,9760  
0,9482  0,9762  0,6985  1,0000  0,9119  0,8687  0,0504  0,9762  
0,9489  0,9765  0,6225  1,0000  0,9678  0,8561  0,0494  0,9765  
0,9497  0,9767  0,4421  1,0000  0,9148  0,8675  0,0486  0,9767  
0,9505  0,9769  0,3363  1,0000  0,8742  0,8762  0,0480  0,9769  
0,9512  0,9772  0,2971  1,0000  0,8161  0,8893  0,0475  0,9772  
0,9520  0,9774  0,1803  1,0000  0,7941  0,8946  0,0471  0,9774  
0,9527  0,9776  0,1802  1,0000  0,8283  0,8873  0,0468  0,9776  
0,9535  0,9779  0,1802  1,0000  0,9617  0,8575  0,0465  0,9779  
0,9543  0,9781  0,1802  1,0000  0,9913  0,8505  0,0462  0,9781  
0,9550  0,9783  0,4026  1,0000  0,9643  0,8562  0,0458  0,9783  
0,9558  0,9785  0,4582  1,0000  0,9055  0,8692  0,0451  0,9785  
0,9566  0,9787  0,5635  1,0000  0,8690  0,8777  0,0443  0,9787  
0,9573  0,9789  0,6242  1,0000  0,7426  0,9064  0,0434  0,9789  
0,9581  0,9791  0,6466  1,0000  0,8000  0,8937  0,0424  0,9791  
0,9588  0,9793  0,6248  1,0000  0,8427  0,8838  0,0414  0,9793  
0,9596  0,9796  0,6090  1,0000  0,8314  0,8859  0,0405  0,9796  
0,9604  0,9798  0,6031  1,0000  0,7765  0,8980  0,0396  0,9798  
0,9611  0,9800  0,5963  1,0000  0,8827  0,8745  0,0387  0,9800  
0,9619  0,9802  0,5927  1,0000  0,8857  0,8743  0,0378  0,9802  
0,9627  0,9804  0,5913  1,0000  0,9370  0,8631  0,0368  0,9804  
0,9634  0,9806  0,6468  1,0000  0,9894  0,8512  0,0359  0,9806  
0,9642  0,9807  0,6816  1,0000  0,9947  0,8496  0,0349  0,9807  
0,9649  0,9809  0,6946  1,0000  0,8325  0,8855  0,0338  0,9809  
0,9657  0,9811  0,8675  1,0000  0,7768  0,8981  0,0327  0,9811  
0,9665  0,9813  0,9746  1,0000  0,7632  0,9015  0,0313  0,9813  
0,9672  0,9815  0,5865  1,0000  0,8043  0,8927  0,0301  0,9815  
0,9680  0,9817  0,6391  1,0000  0,8622  0,8797  0,0292  0,9817  
0,9688  0,9819  0,6699  1,0000  0,8683  0,8779  0,0282  0,9819  
0,9695  0,9820  0,6814  1,0000  0,8337  0,8853  0,0271  0,9820  
0,9703  0,9822  0,5853  1,0000  0,7748  0,8985  0,0262  0,9822  
0,9710  0,9824  0,1850  1,0000  0,7457  0,9053  0,0256  0,9824  
0,9718  0,9826  0,1802  1,0000  0,7732  0,8996  0,0253  0,9826  
0,9726  0,9828  0,5552  1,0000  0,8626  0,8797  0,0249  0,9828  
0,9733  0,9829  0,8665  1,0000  0,8987  0,8713  0,0237  0,9829  
0,9741  0,9831  0,9820  1,0000  0,8788  0,8753  0,0223  0,9831  
0,9748  0,9833  0,6771  1,0000  0,8213  0,8880  0,0210  0,9833  
0,9756  0,9834  0,4752  1,0000  0,7790  0,8978  0,0202  0,9834  
0,9764  0,9836  0,4002  1,0000  0,7874  0,8963  0,0195  0,9836  
0,9771  0,9838  0,6931  1,0000  0,8425  0,8842  0,0187  0,9838  
0,9779  0,9839  0,8837  1,0000  0,8902  0,8733  0,0175  0,9839  
0,9787  0,9841  0,9545  1,0000  0,8866  0,8736  0,0161  0,9841  
0,9794  0,9842  0,6596  1,0000  0,8351  0,8849  0,0148  0,9842  
0,9802  0,9844  0,4683  1,0000  0,7318  0,9082  0,0140  0,9844  
0,9809  0,9845  0,3972  1,0000  0,7269  0,9097  0,0133  0,9845  
0,9817  0,9847  0,8736  1,0000  0,7738  0,8995  0,0124  0,9847  
0,9825  0,9849  0,6814  1,0000  0,8294  0,8870  0,0113  0,9849  
0,9832  0,9850  0,7468  1,0000  0,8425  0,8836  0,0102  0,9850  
0,9840  0,9852  0,7335  1,0000  0,8650  0,8783  0,0091  0,9852  
0,9848  0,9853  0,7190  1,0000  0,8072  0,8913  0,0080  0,9853  
0,9855  0,9854  0,7136  1,0000  0,7861  0,8964  0,0069  0,9854  
0,9863  0,9856  0,6951  1,0000  0,8212  0,8889  0,0059  0,9856  
0,9870  0,9857  0,2904  1,0000  0,8801  0,8757  0,0051  0,9857  
0,9878  0,9859  0,1802  1,0000  0,8615  0,8795  0,0048  0,9859  
0,9886  0,9860  0,1802  1,0000  0,8336  0,8853  0,0045  0,9860  
0,9893  0,9862  0,1802  1,0000  0,7747  0,8984  0,0042  0,9862  
0,9901  0,9863  0,1802  1,0000  0,7390  0,9067  0,0039  0,9863  
0,9909  0,9864  0,1802  1,0000  0,7594  0,9026  0,0036  0,9864  
0,9916  0,9866  0,1802  1,0000  0,8351  0,8858  0,0033  0,9866  
0,9924  0,9867  0,1802  1,0000  0,8770  0,8762  0,0030  0,9867  
0,9931  0,9868  0,1802  1,0000  0,8647  0,8785  0,0027  0,9868  
0,9939  0,9870  0,1802  1,0000  0,8095  0,8907  0,0024  0,9870  
0,9947  0,9871  0,1802  1,0000  0,7621  0,9015  0,0021  0,9871  
0,9954  0,9872  0,1802  1,0000  0,7391  0,9071  0,0018  0,9872  
0,9962  0,9873  0,1802  1,0000  0,7908  0,8957  0,0015  0,9873  
0,9970  0,9875  0,1802  1,0000  0,8427  0,8839  0,0012  0,9875  
0,9977  0,9876  0,1802  1,0000  0,8470  0,8825  0,0009  0,9876  
0,9985  0,9877  0,1802  1,0000  0,7998  0,8928  0,0006  0,9877  
0,9992  0,9878  0,1802  1,0000  0,8108  0,8905  0,0003  0,9878  
1,0000  0,9880  0,1802  1,0000  0,7982  0,8937  0,0000  0,9880  
